-7.000000000000000666e-02 1.351899999999999977e-02
-6.999600000000000266e-02 1.371800000000000103e-02
-6.998899999999999566e-02 1.391699999999999882e-02
-6.998099999999998766e-02 1.411600000000000008e-02
-6.997100000000000541e-02 1.431500000000000133e-02
-6.995900000000000729e-02 1.451399999999999912e-02
-6.994500000000000717e-02 1.471300000000000038e-02
-6.992999999999999217e-02 1.491100000000000064e-02
-6.991200000000000192e-02 1.511000000000000017e-02
-6.989299999999999680e-02 1.530800000000000043e-02
-6.987100000000000255e-02 1.550600000000000069e-02
-6.984800000000000730e-02 1.570399999999999921e-02
-6.982399999999999718e-02 1.590199999999999947e-02
-6.979699999999999793e-02 1.609900000000000220e-02
-6.976799999999999669e-02 1.629600000000000146e-02
-6.973799999999999444e-02 1.649300000000000072e-02
-6.970499999999998919e-02 1.668999999999999997e-02
-6.967099999999999682e-02 1.688600000000000170e-02
-6.963500000000000245e-02 1.708199999999999996e-02
-6.959800000000000708e-02 1.727700000000000069e-02
-6.955800000000000871e-02 1.747299999999999895e-02
-6.951699999999999546e-02 1.766799999999999968e-02
-6.947399999999999409e-02 1.786199999999999941e-02
-6.942800000000000360e-02 1.805599999999999913e-02
-6.938199999999999923e-02 1.824999999999999886e-02
-6.933300000000000574e-02 1.844300000000000106e-02
-6.928299999999999736e-02 1.863599999999999979e-02
-6.922999999999999987e-02 1.882800000000000099e-02
-6.917600000000000138e-02 1.901999999999999871e-02
-6.912000000000000088e-02 1.921100000000000238e-02
-6.906299999999999939e-02 1.940099999999999811e-02
-6.900299999999999490e-02 1.959199999999999831e-02
-6.894199999999998940e-02 1.978099999999999997e-02
-6.887899999999999578e-02 1.996999999999999817e-02
-6.881500000000000117e-02 2.015899999999999984e-02
-6.874800000000000355e-02 2.034599999999999950e-02
-6.867999999999999106e-02 2.053400000000000017e-02
-6.861000000000000432e-02 2.071999999999999884e-02
-6.853800000000000170e-02 2.090600000000000097e-02
-6.846499999999999808e-02 2.109099999999999864e-02
-6.838999999999999246e-02 2.127599999999999977e-02
-6.831299999999999872e-02 2.145899999999999891e-02
-6.823400000000000298e-02 2.164199999999999804e-02
-6.815399999999999237e-02 2.182500000000000065e-02
-6.807200000000000750e-02 2.200600000000000125e-02
-6.798799999999999288e-02 2.218700000000000186e-02
-6.790299999999999114e-02 2.236699999999999799e-02
-6.781600000000000128e-02 2.254600000000000007e-02
-6.772699999999999554e-02 2.272499999999999867e-02
-6.763700000000000268e-02 2.290200000000000222e-02
-6.754500000000000781e-02 2.307899999999999882e-02
-6.745099999999999707e-02 2.325500000000000136e-02
-6.735599999999999921e-02 2.342999999999999944e-02
-6.725899999999999934e-02 2.360399999999999998e-02
-6.715999999999999748e-02 2.377699999999999952e-02
-6.706000000000000849e-02 2.394900000000000154e-02
-6.695800000000000363e-02 2.411999999999999908e-02
-6.685499999999999776e-02 2.428999999999999909e-02
-6.675000000000000377e-02 2.445999999999999910e-02
-6.664299999999999391e-02 2.462800000000000059e-02
-6.653499999999999692e-02 2.479499999999999760e-02
-6.642599999999999894e-02 2.496200000000000155e-02
-6.631399999999999795e-02 2.512700000000000003e-02
-6.620199999999999696e-02 2.529100000000000098e-02
-6.608700000000000685e-02 2.545400000000000093e-02
-6.597200000000000286e-02 2.561600000000000335e-02
-6.585399999999999587e-02 2.577699999999999783e-02
-6.573600000000000276e-02 2.593700000000000172e-02
-6.561499999999999277e-02 2.609599999999999767e-02
-6.549299999999999566e-02 2.625400000000000303e-02
-6.537000000000001143e-02 2.641000000000000292e-02
-6.524599999999999844e-02 2.656600000000000281e-02
-6.511900000000001021e-02 2.671999999999999723e-02
-6.499199999999999422e-02 2.687300000000000105e-02
-6.486300000000000399e-02 2.702500000000000041e-02
-6.473200000000001175e-02 2.717500000000000124e-02
-6.460100000000000564e-02 2.732499999999999860e-02
-6.446699999999999653e-02 2.747300000000000089e-02
-6.433300000000000129e-02 2.761999999999999872e-02
-6.419700000000000406e-02 2.776499999999999801e-02
-6.406000000000000583e-02 2.790899999999999631e-02
-6.392100000000000559e-02 2.805299999999999808e-02
-6.378099999999999048e-02 2.819400000000000031e-02
-6.364000000000000212e-02 2.833500000000000255e-02
-6.349699999999999789e-02 2.847399999999999931e-02
-6.000800000000000578e-02 3.090400000000000091e-02
-5.982699999999999824e-02 3.098599999999999965e-02
-5.964400000000000257e-02 3.106399999999999786e-02
-5.945999999999999897e-02 3.113999999999999754e-02
-5.927500000000000130e-02 3.121200000000000016e-02
-5.908899999999999569e-02 3.128100000000000325e-02
-5.890199999999999603e-02 3.134699999999999986e-02
-5.871300000000000130e-02 3.141000000000000042e-02
-5.852399999999999963e-02 3.146999999999999797e-02
-5.833300000000000290e-02 3.152699999999999947e-02
-5.814199999999999924e-02 3.158099999999999796e-02
-5.795000000000000151e-02 3.163099999999999939e-02
-5.775700000000000278e-02 3.167799999999999783e-02
-5.756299999999999611e-02 3.172200000000000020e-02
-5.736900000000000333e-02 3.176299999999999957e-02
-5.717400000000000260e-02 3.180099999999999594e-02
-5.697799999999999393e-02 3.183500000000000218e-02
-5.678200000000000608e-02 3.186699999999999949e-02
-5.658500000000000335e-02 3.189399999999999874e-02
-5.638800000000000062e-02 3.191900000000000293e-02
-5.618999999999999689e-02 3.194100000000000411e-02
-5.599199999999999317e-02 3.195899999999999436e-02
-5.579400000000000331e-02 3.197300000000000142e-02
-5.559600000000000652e-02 3.198499999999999954e-02
-5.539700000000000180e-02 3.199300000000000060e-02
-5.519899999999999807e-02 3.199799999999999867e-02
-5.500000000000000028e-02 3.200000000000000067e-02
-5.480100000000000249e-02 3.199799999999999867e-02
-5.460199999999999776e-02 3.199400000000000160e-02
-5.440299999999999997e-02 3.198499999999999954e-02
-5.420499999999999624e-02 3.197400000000000242e-02
-5.400599999999999151e-02 3.195899999999999436e-02
-5.380800000000000166e-02 3.194100000000000411e-02
-5.361000000000000487e-02 3.191999999999999699e-02
-5.341300000000000214e-02 3.189499999999999974e-02
-5.321599999999999941e-02 3.186699999999999949e-02
-5.301900000000000363e-02 3.183600000000000319e-02
-5.282400000000000290e-02 3.180199999999999694e-02
-5.262799999999999423e-02 3.176400000000000057e-02
-5.243300000000000738e-02 3.172300000000000120e-02
-5.223900000000000071e-02 3.167899999999999883e-02
-5.204600000000000198e-02 3.163099999999999939e-02
-5.185399999999999732e-02 3.158099999999999796e-02
-5.166199999999999959e-02 3.152699999999999947e-02
-5.147200000000000386e-02 3.146999999999999797e-02
-5.128200000000000813e-02 3.141000000000000042e-02
-5.109299999999999953e-02 3.134699999999999986e-02
-5.090599999999999986e-02 3.128100000000000325e-02
-5.071900000000000019e-02 3.121100000000000263e-02
-5.053399999999999559e-02 3.113900000000000001e-02
-5.034999999999999892e-02 3.106300000000000033e-02
-5.016700000000000326e-02 3.098500000000000212e-02
-4.998600000000000265e-02 3.090299999999999644e-02
-4.980600000000000305e-02 3.081800000000000164e-02
-4.962699999999999750e-02 3.073100000000000137e-02
-4.945000000000000090e-02 3.063999999999999710e-02
-4.927399999999999836e-02 3.054700000000000124e-02
-4.909999999999999781e-02 3.045000000000000137e-02
-4.892799999999999927e-02 3.035099999999999951e-02
-4.875700000000000173e-02 3.024900000000000158e-02
-4.858799999999999925e-02 3.014400000000000066e-02
-4.842099999999999876e-02 3.003600000000000020e-02
-4.825499999999999928e-02 2.992599999999999774e-02
-4.809100000000000180e-02 2.981299999999999922e-02
-4.793000000000000038e-02 2.969700000000000117e-02
-4.776999999999999996e-02 2.957799999999999666e-02
-4.761200000000000154e-02 2.945700000000000054e-02
-4.745599999999999818e-02 2.933299999999999796e-02
-4.730299999999999783e-02 2.920700000000000032e-02
-4.715099999999999847e-02 2.907799999999999621e-02
-4.700199999999999517e-02 2.894700000000000398e-02
-4.685500000000000081e-02 2.881299999999999834e-02
-4.671000000000000152e-02 2.867699999999999763e-02
-4.656700000000000422e-02 2.853800000000000087e-02
-4.642699999999999605e-02 2.839700000000000210e-02
-4.628899999999999681e-02 2.825400000000000134e-02
-4.615299999999999958e-02 2.810799999999999757e-02
-4.601999999999999841e-02 2.796099999999999974e-02
-4.588699999999999724e-02 2.781300000000000092e-02
-4.575599999999999806e-02 2.766399999999999762e-02
-4.562700000000000089e-02 2.751299999999999926e-02
-4.549800000000000372e-02 2.736200000000000090e-02
-4.537099999999999467e-02 2.720899999999999708e-02
-4.524599999999999456e-02 2.705500000000000266e-02
-4.512100000000000138e-02 2.690099999999999783e-02
-4.499800000000000327e-02 2.674499999999999794e-02
-4.487700000000000022e-02 2.658800000000000052e-02
-4.475599999999999717e-02 2.643000000000000210e-02
-4.463700000000000306e-02 2.627099999999999921e-02
-4.451999999999999708e-02 2.611100000000000226e-02
-4.440399999999999903e-02 2.595000000000000084e-02
-4.428900000000000198e-02 2.578799999999999842e-02
-4.417499999999999899e-02 2.562499999999999847e-02
-4.406299999999999800e-02 2.546100000000000099e-02
-4.395299999999999901e-02 2.529600000000000251e-02
-4.384400000000000103e-02 2.512999999999999956e-02
-4.373600000000000404e-02 2.496400000000000008e-02
-4.363000000000000211e-02 2.479600000000000207e-02
-4.352500000000000119e-02 2.462699999999999959e-02
-4.342200000000000226e-02 2.445800000000000057e-02
-4.331999999999999740e-02 2.428699999999999956e-02
-4.321900000000000047e-02 2.411599999999999855e-02
-4.311999999999999861e-02 2.394400000000000001e-02
-4.302299999999999874e-02 2.377100000000000046e-02
-4.292699999999999988e-02 2.359699999999999992e-02
-4.283200000000000202e-02 2.342199999999999838e-02
-4.274000000000000021e-02 2.324700000000000030e-02
-4.264799999999999841e-02 2.307100000000000123e-02
-4.255799999999999861e-02 2.289400000000000115e-02
-4.247000000000000081e-02 2.271600000000000008e-02
-4.238299999999999707e-02 2.253700000000000148e-02
-4.229800000000000226e-02 2.235800000000000287e-02
-4.221400000000000152e-02 2.217799999999999980e-02
-4.213200000000000278e-02 2.199699999999999919e-02
-4.205099999999999810e-02 2.181599999999999859e-02
-4.197200000000000236e-02 2.163400000000000045e-02
-4.189500000000000168e-02 2.145099999999999785e-02
-4.181900000000000200e-02 2.126699999999999771e-02
-4.174499999999999739e-02 2.108300000000000105e-02
-4.167200000000000071e-02 2.089900000000000091e-02
-4.160099999999999909e-02 2.071299999999999877e-02
-4.153099999999999847e-02 2.052700000000000011e-02
-4.146299999999999986e-02 2.034000000000000044e-02
-4.139500000000000124e-02 2.015300000000000077e-02
-4.132600000000000162e-02 1.996500000000000011e-02
-4.125799999999999607e-02 1.977800000000000044e-02
-4.118999999999999745e-02 1.959100000000000077e-02
-4.112200000000000577e-02 1.940300000000000011e-02
-4.105400000000000021e-02 1.921600000000000044e-02
-4.098500000000000060e-02 1.902799999999999978e-02
-4.091700000000000198e-02 1.884100000000000011e-02
-4.084900000000000336e-02 1.865299999999999944e-02
-4.078099999999999781e-02 1.846599999999999978e-02
-4.071199999999999819e-02 1.827900000000000011e-02
-4.064399999999999957e-02 1.809099999999999944e-02
-4.057600000000000096e-02 1.790399999999999978e-02
-4.050799999999999540e-02 1.771599999999999911e-02
-4.043999999999999678e-02 1.752899999999999944e-02
-4.037099999999999717e-02 1.734199999999999978e-02
-4.030299999999999855e-02 1.715399999999999911e-02
-4.023499999999999993e-02 1.696699999999999944e-02
-4.016700000000000131e-02 1.677899999999999878e-02
-4.009800000000000170e-02 1.659199999999999911e-02
-4.003000000000000308e-02 1.640399999999999844e-02
-3.996199999999999752e-02 1.621699999999999878e-02
-3.989399999999999891e-02 1.603000000000000258e-02
-3.982600000000000029e-02 1.584199999999999844e-02
-3.975700000000000067e-02 1.565500000000000225e-02
-3.968900000000000206e-02 1.546699999999999811e-02
-3.962099999999999650e-02 1.528000000000000191e-02
-3.955299999999999788e-02 1.509199999999999951e-02
-3.948399999999999826e-02 1.490500000000000158e-02
-3.941599999999999965e-02 1.471800000000000018e-02
-3.934800000000000103e-02 1.453000000000000125e-02
-3.928000000000000241e-02 1.434299999999999985e-02
-3.921200000000000380e-02 1.415500000000000091e-02
-3.914299999999999724e-02 1.396800000000000125e-02
-3.907499999999999862e-02 1.378099999999999985e-02
-3.900700000000000001e-02 1.359300000000000092e-02
-3.893900000000000139e-02 1.340599999999999951e-02
-3.887000000000000177e-02 1.321800000000000058e-02
-3.880199999999999622e-02 1.303100000000000092e-02
-3.873399999999999760e-02 1.284300000000000025e-02
-3.866600000000000592e-02 1.265600000000000058e-02
-3.859800000000000036e-02 1.246899999999999918e-02
-3.852900000000000075e-02 1.228100000000000025e-02
-3.846100000000000213e-02 1.209400000000000058e-02
-3.839300000000000351e-02 1.190699999999999918e-02
-3.832200000000000190e-02 1.172199999999999978e-02
-3.824899999999999828e-02 1.153900000000000065e-02
-3.817299999999999860e-02 1.135599999999999977e-02
-3.809400000000000286e-02 1.117499999999999917e-02
-3.801299999999999818e-02 1.099400000000000030e-02
-3.792799999999999644e-02 1.081599999999999923e-02
-3.784099999999999964e-02 1.063799999999999989e-02
-3.775099999999999983e-02 1.046200000000000081e-02
-3.765899999999999803e-02 1.028700000000000100e-02
-3.756400000000000017e-02 1.011299999999999873e-02
-3.746599999999999930e-02 9.941000000000000184e-03
-3.736600000000000338e-02 9.771000000000000171e-03
-3.726299999999999751e-02 9.601999999999999424e-03
-3.715799999999999659e-02 9.434999999999998943e-03
-3.704999999999999960e-02 9.268999999999999462e-03
-3.693899999999999961e-02 9.105000000000000246e-03
-3.682599999999999763e-02 8.942000000000000295e-03
-3.671100000000000058e-02 8.781999999999999876e-03
-3.659300000000000053e-02 8.623000000000000456e-03
-3.647299999999999848e-02 8.465999999999999567e-03
-3.635000000000000037e-02 8.311000000000000679e-03
-3.622500000000000026e-02 8.156999999999999321e-03
-3.609800000000000508e-02 8.006000000000000963e-03
-3.596799999999999997e-02 7.856000000000000136e-03
-3.583700000000000080e-02 7.709000000000000574e-03
-3.570299999999999863e-02 7.562999999999999411e-03
-3.556600000000000039e-02 7.420000000000000380e-03
-3.542799999999999422e-02 7.279000000000000747e-03
-3.528699999999999892e-02 7.140000000000000513e-03
-3.514499999999999569e-02 7.003000000000000544e-03
-3.500000000000000333e-02 6.868000000000000840e-03
-3.485200000000000103e-02 6.734000000000000402e-03
-3.470099999999999574e-02 6.601999999999999362e-03
-3.454900000000000332e-02 6.473000000000000455e-03
-3.439500000000000196e-02 6.346000000000000078e-03
-3.423799999999999760e-02 6.220999999999999967e-03
-3.407999999999999918e-02 6.099000000000000254e-03
-3.391999999999999876e-02 5.978999999999999940e-03
-3.375799999999999634e-02 5.860999999999999890e-03
-3.359499999999999986e-02 5.746000000000000239e-03
-3.343000000000000138e-02 5.634000000000000119e-03
-3.326300000000000090e-02 5.522999999999999264e-03
-3.309399999999999842e-02 5.415999999999999807e-03
-3.292400000000000188e-02 5.310999999999999749e-03
-3.275299999999999739e-02 5.207999999999999956e-03
-3.257999999999999785e-02 5.107000000000000428e-03
-3.240599999999999731e-02 5.009000000000000431e-03
-3.223000000000000170e-02 4.913999999999999965e-03
-3.205299999999999816e-02 4.820999999999999765e-03
-3.187500000000000056e-02 4.729999999999999830e-03
-3.169599999999999501e-02 4.640999999999999293e-03
-3.151600000000000235e-02 4.553999999999999888e-03
-3.133500000000000174e-02 4.470000000000000015e-03
-3.115199999999999914e-02 4.388000000000000407e-03
-3.096900000000000000e-02 4.308000000000000197e-03
-3.078500000000000333e-02 4.229999999999999385e-03
-3.059999999999999873e-02 4.153999999999999707e-03
-3.041400000000000006e-02 4.079999999999999426e-03
-3.022799999999999793e-02 4.007999999999999410e-03
-3.004100000000000173e-02 3.936999999999999528e-03
-2.985299999999999759e-02 3.867999999999999911e-03
-2.966499999999999693e-02 3.800999999999999691e-03
-2.947599999999999873e-02 3.735000000000000039e-03
-2.928700000000000053e-02 3.671000000000000218e-03
-2.909700000000000134e-02 3.607999999999999662e-03
-2.890699999999999867e-02 3.546000000000000107e-03
-2.871700000000000294e-02 3.485999999999999949e-03
-2.852599999999999927e-02 3.427000000000000358e-03
-2.833399999999999808e-02 3.368999999999999599e-03
-2.814300000000000135e-02 3.311999999999999840e-03
-2.795100000000000015e-02 3.256000000000000213e-03
-2.775799999999999795e-02 3.200999999999999852e-03
-2.756600000000000369e-02 3.147000000000000058e-03
-2.737300000000000150e-02 3.093999999999999962e-03
-2.718000000000000277e-02 3.041999999999999999e-03
-2.698700000000000057e-02 2.991000000000000169e-03
-2.679399999999999837e-02 2.939999999999999905e-03
-2.659999999999999865e-02 2.889999999999999774e-03
-2.640599999999999892e-02 2.841000000000000209e-03
-2.621199999999999919e-02 2.792999999999999910e-03
-2.601799999999999946e-02 2.745000000000000044e-03
-2.582399999999999973e-02 2.699000000000000010e-03
-2.562900000000000247e-02 2.652999999999999976e-03
-2.543400000000000175e-02 2.607999999999999641e-03
-2.523899999999999755e-02 2.562999999999999740e-03
-2.504400000000000029e-02 2.518999999999999972e-03
-2.484899999999999956e-02 2.476000000000000336e-03
-2.465399999999999883e-02 2.433999999999999966e-03
-2.445800000000000057e-02 2.392000000000000029e-03
-2.426299999999999985e-02 2.351000000000000225e-03
-2.406699999999999812e-02 2.311000000000000120e-03
-2.387099999999999986e-02 2.271000000000000015e-03
-2.367500000000000160e-02 2.230999999999999910e-03
-2.347899999999999987e-02 2.193000000000000071e-03
-2.328300000000000161e-02 2.155000000000000231e-03
-2.308600000000000235e-02 2.116999999999999958e-03
-2.289000000000000062e-02 2.080000000000000251e-03
-2.269300000000000136e-02 2.043000000000000111e-03
-2.249699999999999964e-02 2.007000000000000103e-03
-2.230000000000000038e-02 1.971999999999999795e-03
-2.210300000000000112e-02 1.937999999999999836e-03
-2.190600000000000186e-02 1.903999999999999877e-03
-2.170899999999999913e-02 1.869999999999999917e-03
-2.151199999999999987e-02 1.835999999999999958e-03
-2.131500000000000061e-02 1.803000000000000132e-03
-2.111700000000000035e-02 1.771000000000000005e-03
-2.091999999999999763e-02 1.739000000000000094e-03
-2.072299999999999837e-02 1.707999999999999883e-03
-2.052500000000000158e-02 1.676999999999999888e-03
-2.032700000000000132e-02 1.646000000000000111e-03
-2.013000000000000206e-02 1.617000000000000165e-03
-1.993199999999999833e-02 1.586999999999999869e-03
-1.973400000000000154e-02 1.557000000000000007e-03
-1.953699999999999881e-02 1.527999999999999844e-03
-1.933899999999999855e-02 1.500000000000000031e-03
-1.914099999999999829e-02 1.472000000000000001e-03
-1.894300000000000150e-02 1.443999999999999971e-03
-1.874499999999999778e-02 1.417000000000000074e-03
-1.854700000000000099e-02 1.389999999999999960e-03
-1.834799999999999973e-02 1.363999999999999978e-03
-1.814999999999999947e-02 1.337999999999999997e-03
-1.795200000000000268e-02 1.312000000000000015e-03
-1.775399999999999895e-02 1.286000000000000034e-03
-1.755500000000000116e-02 1.260999999999999968e-03
-1.735700000000000090e-02 1.235999999999999903e-03
-1.715900000000000064e-02 1.211999999999999970e-03
-1.695999999999999938e-02 1.188000000000000037e-03
-1.676199999999999912e-02 1.165000000000000020e-03
-1.656299999999999786e-02 1.141000000000000087e-03
-1.636500000000000107e-02 1.118000000000000070e-03
-1.616599999999999981e-02 1.094999999999999836e-03
-1.596699999999999856e-02 1.072000000000000036e-03
-1.576899999999999830e-02 1.049999999999999935e-03
-1.556999999999999877e-02 1.028999999999999967e-03
-1.537100000000000098e-02 1.007000000000000083e-03
-1.517199999999999972e-02 9.849999999999999815e-04
-1.497400000000000120e-02 9.640000000000000131e-04
-1.477499999999999994e-02 9.439999999999999607e-04
-1.457599999999999868e-02 9.240000000000000166e-04
-1.437700000000000089e-02 9.039999999999999642e-04
-1.417799999999999963e-02 8.840000000000000201e-04
-1.397899999999999837e-02 8.640000000000000761e-04
-1.378000000000000058e-02 8.449999999999999395e-04
-1.358100000000000106e-02 8.260000000000000198e-04
-1.338199999999999980e-02 8.069999999999999916e-04
-1.318300000000000201e-02 7.879999999999999635e-04
-1.298400000000000075e-02 7.700000000000000681e-04
-1.278499999999999949e-02 7.509999999999999315e-04
-1.258599999999999997e-02 7.339999999999999520e-04
-1.238700000000000044e-02 7.160000000000000565e-04
-1.218799999999999918e-02 6.980000000000000527e-04
-1.198800000000000039e-02 6.809999999999999647e-04
-1.178900000000000087e-02 6.639999999999999852e-04
-1.159000000000000134e-02 6.470000000000000057e-04
-1.139100000000000008e-02 6.309999999999999420e-04
-1.119099999999999956e-02 6.149999999999999868e-04
-1.099200000000000003e-02 5.990000000000000316e-04
-1.079300000000000051e-02 5.839999999999999922e-04
-1.059399999999999925e-02 5.679999999999999286e-04
-1.039400000000000046e-02 5.529999999999999976e-04
-1.019500000000000094e-02 5.379999999999999583e-04
-9.995999999999999677e-03 5.230000000000000274e-04
-9.795999999999999153e-03 5.079999999999999880e-04
-9.596999999999999628e-03 4.929999999999999487e-04
-9.396999999999999104e-03 4.789999999999999879e-04
-9.197999999999999579e-03 4.650000000000000270e-04
-8.999000000000000055e-03 4.509999999999999578e-04
-8.798999999999999530e-03 4.369999999999999970e-04
-8.600000000000000006e-03 4.240000000000000062e-04
-8.399999999999999481e-03 4.099999999999999912e-04
-8.200999999999999956e-03 3.970000000000000005e-04
-8.001000000000001167e-03 3.840000000000000097e-04
-7.801999999999999907e-03 3.710000000000000190e-04
-7.601999999999999383e-03 3.580000000000000283e-04
-7.402999999999999858e-03 3.460000000000000076e-04
-7.203000000000000201e-03 3.339999999999999870e-04
-7.004000000000000677e-03 3.220000000000000206e-04
-6.804000000000001019e-03 3.099999999999999999e-04
-6.604999999999999760e-03 2.979999999999999793e-04
-6.405000000000000103e-03 2.870000000000000372e-04
-6.204999999999999578e-03 2.750000000000000166e-04
-6.006000000000000054e-03 2.640000000000000202e-04
-5.806000000000000397e-03 2.529999999999999697e-04
-5.607000000000000005e-03 2.430000000000000248e-04
-5.407000000000000348e-03 2.319999999999999743e-04
-5.206999999999999823e-03 2.220000000000000293e-04
-5.007999999999999431e-03 2.109999999999999788e-04
-4.807999999999999774e-03 2.009999999999999797e-04
-4.608000000000000117e-03 1.909999999999999806e-04
-4.409000000000000592e-03 1.800000000000000113e-04
-4.209000000000000068e-03 1.710000000000000094e-04
-4.009000000000000410e-03 1.610000000000000103e-04
-3.810000000000000019e-03 1.520000000000000084e-04
-3.609999999999999928e-03 1.430000000000000064e-04
-3.410000000000000270e-03 1.340000000000000045e-04
-3.210999999999999879e-03 1.250000000000000026e-04
-3.010999999999999788e-03 1.159999999999999871e-04
-2.811000000000000131e-03 1.080000000000000095e-04
-2.611000000000000040e-03 9.899999999999999404e-05
-2.412000000000000081e-03 9.000000000000000567e-05
-2.211999999999999991e-03 8.200000000000000095e-05
-2.011999999999999900e-03 7.399999999999999623e-05
-1.812000000000000026e-03 6.700000000000000226e-05
-1.612999999999999851e-03 5.799999999999999356e-05
-1.412999999999999977e-03 5.099999999999999960e-05
-1.213000000000000102e-03 4.300000000000000165e-05
-1.013000000000000012e-03 3.499999999999999693e-05
-8.140000000000000534e-04 2.800000000000000297e-05
-6.139999999999999625e-04 2.099999999999999884e-05
-4.139999999999999800e-04 1.400000000000000148e-05
-2.140000000000000246e-04 7.000000000000000742e-06
-1.400000000000000148e-05 0.000000000000000000e+00
1.849999999999999973e-04 -6.000000000000000152e-06
3.850000000000000340e-04 -1.200000000000000030e-05
5.850000000000000165e-04 -1.900000000000000105e-05
7.849999999999999990e-04 -2.500000000000000120e-05
9.849999999999999815e-04 -3.199999999999999855e-05
1.183999999999999940e-03 -3.800000000000000209e-05
1.384000000000000031e-03 -4.399999999999999886e-05
1.583999999999999905e-03 -4.899999999999999842e-05
1.783999999999999996e-03 -5.500000000000000196e-05
1.984000000000000086e-03 -6.099999999999999872e-05
2.184000000000000177e-03 -6.600000000000000506e-05
2.382999999999999702e-03 -7.200000000000000182e-05
2.582999999999999793e-03 -7.700000000000000139e-05
2.782999999999999884e-03 -8.200000000000000095e-05
2.982999999999999974e-03 -8.700000000000000051e-05
3.182999999999999632e-03 -9.200000000000000007e-05
3.382999999999999723e-03 -9.699999999999999963e-05
3.582999999999999814e-03 -1.019999999999999992e-04
3.782000000000000205e-03 -1.060000000000000016e-04
3.982000000000000296e-03 -1.110000000000000147e-04
4.181999999999999953e-03 -1.149999999999999899e-04
4.381999999999999611e-03 -1.189999999999999923e-04
4.582000000000000135e-03 -1.240000000000000054e-04
4.781999999999999792e-03 -1.279999999999999942e-04
4.982000000000000317e-03 -1.320000000000000101e-04
5.180999999999999842e-03 -1.359999999999999989e-04
5.381000000000000366e-03 -1.399999999999999877e-04
5.581000000000000023e-03 -1.440000000000000036e-04
5.781000000000000548e-03 -1.469999999999999953e-04
5.981000000000000205e-03 -1.510000000000000112e-04
6.180999999999999862e-03 -1.540000000000000028e-04
6.381000000000000387e-03 -1.580000000000000187e-04
6.581000000000000044e-03 -1.610000000000000103e-04
6.781000000000000569e-03 -1.649999999999999991e-04
6.980000000000000093e-03 -1.679999999999999907e-04
7.179999999999999750e-03 -1.710000000000000094e-04
7.379999999999999408e-03 -1.740000000000000010e-04
7.579999999999999932e-03 -1.769999999999999926e-04
7.779999999999999589e-03 -1.800000000000000113e-04
7.979999999999999247e-03 -1.830000000000000029e-04
8.179999999999999771e-03 -1.860000000000000217e-04
8.380000000000000296e-03 -1.879999999999999890e-04
8.579999999999999086e-03 -1.909999999999999806e-04
8.779000000000000345e-03 -1.930000000000000021e-04
8.979000000000000870e-03 -1.959999999999999937e-04
9.179000000000001394e-03 -1.990000000000000124e-04
9.379000000000000184e-03 -2.009999999999999797e-04
9.579000000000000709e-03 -2.039999999999999984e-04
9.779000000000001233e-03 -2.059999999999999928e-04
9.979000000000000023e-03 -2.080000000000000143e-04
1.017900000000000055e-02 -2.100000000000000087e-04
1.037900000000000107e-02 -2.130000000000000003e-04
1.057800000000000060e-02 -2.149999999999999947e-04
1.077799999999999939e-02 -2.169999999999999891e-04
1.097799999999999991e-02 -2.189999999999999835e-04
1.117800000000000044e-02 -2.210000000000000050e-04
1.137800000000000096e-02 -2.229999999999999994e-04
1.157799999999999975e-02 -2.249999999999999938e-04
1.177800000000000027e-02 -2.269999999999999882e-04
1.197800000000000080e-02 -2.290000000000000098e-04
1.217799999999999959e-02 -2.310000000000000042e-04
1.237800000000000011e-02 -2.329999999999999986e-04
1.257699999999999964e-02 -2.350000000000000201e-04
1.277700000000000016e-02 -2.359999999999999902e-04
1.297700000000000069e-02 -2.379999999999999846e-04
1.317700000000000121e-02 -2.390000000000000089e-04
1.337700000000000174e-02 -2.410000000000000033e-04
1.357700000000000053e-02 -2.430000000000000248e-04
1.377700000000000105e-02 -2.449999999999999921e-04
1.397700000000000158e-02 -2.470000000000000407e-04
1.417700000000000037e-02 -2.480000000000000108e-04
1.437700000000000089e-02 -2.500000000000000052e-04
1.457700000000000141e-02 -2.519999999999999996e-04
1.477599999999999920e-02 -2.539999999999999940e-04
1.497599999999999973e-02 -2.559999999999999884e-04
1.517599999999999852e-02 -2.569999999999999585e-04
1.537599999999999904e-02 -2.590000000000000071e-04
1.557599999999999957e-02 -2.610000000000000015e-04
1.577599999999999836e-02 -2.629999999999999959e-04
1.597600000000000062e-02 -2.649999999999999903e-04
1.617599999999999941e-02 -2.669999999999999847e-04
1.637599999999999820e-02 -2.680000000000000090e-04
1.657600000000000046e-02 -2.700000000000000035e-04
1.677500000000000172e-02 -2.709999999999999735e-04
1.697500000000000051e-02 -2.740000000000000465e-04
1.717499999999999930e-02 -2.759999999999999867e-04
1.737500000000000155e-02 -2.790000000000000054e-04
1.757500000000000034e-02 -2.809999999999999998e-04
1.777499999999999913e-02 -2.829999999999999942e-04
1.797500000000000139e-02 -2.849999999999999886e-04
1.817500000000000018e-02 -2.870000000000000372e-04
1.837499999999999897e-02 -2.890000000000000316e-04
1.857500000000000123e-02 -2.919999999999999961e-04
1.877400000000000249e-02 -2.950000000000000148e-04
1.897400000000000128e-02 -2.979999999999999793e-04
1.917400000000000007e-02 -2.999999999999999737e-04
1.937400000000000233e-02 -3.020000000000000223e-04
1.957400000000000112e-02 -3.049999999999999868e-04
1.977399999999999991e-02 -3.080000000000000055e-04
1.997400000000000217e-02 -3.119999999999999944e-04
2.017400000000000096e-02 -3.150000000000000131e-04
2.037399999999999975e-02 -3.180000000000000318e-04
2.057299999999999754e-02 -3.209999999999999963e-04
2.077299999999999980e-02 -3.240000000000000150e-04
2.097299999999999859e-02 -3.280000000000000038e-04
2.117299999999999738e-02 -3.310000000000000225e-04
2.137299999999999964e-02 -3.350000000000000113e-04
2.157299999999999843e-02 -3.399999999999999702e-04
2.177300000000000069e-02 -3.440000000000000132e-04
2.197299999999999948e-02 -3.470000000000000319e-04
2.217200000000000074e-02 -3.509999999999999665e-04
2.237199999999999953e-02 -3.549999999999999553e-04
2.257199999999999832e-02 -3.600000000000000227e-04
2.277200000000000057e-02 -3.640000000000000115e-04
2.297199999999999936e-02 -3.689999999999999704e-04
2.317199999999999815e-02 -3.740000000000000377e-04
2.337200000000000041e-02 -3.789999999999999966e-04
2.357100000000000167e-02 -3.840000000000000097e-04
2.377100000000000046e-02 -3.890000000000000228e-04
2.397099999999999925e-02 -3.950000000000000061e-04
2.417100000000000151e-02 -4.009999999999999893e-04
2.437100000000000030e-02 -4.059999999999999482e-04
2.457099999999999909e-02 -4.119999999999999856e-04
2.477000000000000035e-02 -4.179999999999999688e-04
2.496999999999999914e-02 -4.249999999999999763e-04
2.516999999999999793e-02 -4.320000000000000380e-04
2.537000000000000019e-02 -4.389999999999999914e-04
2.556999999999999898e-02 -4.450000000000000288e-04
2.576900000000000024e-02 -4.519999999999999821e-04
2.596899999999999903e-02 -4.589999999999999896e-04
2.616900000000000129e-02 -4.659999999999999971e-04
2.636900000000000008e-02 -4.740000000000000289e-04
2.656800000000000134e-02 -4.820000000000000066e-04
2.676800000000000013e-02 -4.899999999999999842e-04
2.696800000000000239e-02 -4.980000000000000702e-04
2.716800000000000118e-02 -5.059999999999999394e-04
2.736700000000000244e-02 -5.150000000000000498e-04
2.756700000000000123e-02 -5.240000000000000517e-04
2.776700000000000002e-02 -5.330000000000000536e-04
2.796700000000000227e-02 -5.410000000000000312e-04
2.816600000000000353e-02 -5.509999999999999490e-04
2.836600000000000232e-02 -5.599999999999999509e-04
2.856600000000000111e-02 -5.699999999999999772e-04
2.876499999999999890e-02 -5.800000000000000034e-04
2.896499999999999769e-02 -5.900000000000000296e-04
2.916499999999999648e-02 -6.009999999999999717e-04
2.936399999999999774e-02 -6.120000000000000223e-04
2.956400000000000000e-02 -6.219999999999999401e-04
2.976300000000000126e-02 -6.329999999999999906e-04
2.996300000000000005e-02 -6.440000000000000412e-04
3.016299999999999884e-02 -6.549999999999999833e-04
3.036200000000000010e-02 -6.669999999999999497e-04
3.056199999999999889e-02 -6.790000000000000245e-04
3.076100000000000015e-02 -6.900000000000000751e-04
3.096100000000000241e-02 -7.030000000000000658e-04
3.116000000000000367e-02 -7.150000000000000322e-04
3.135999999999999899e-02 -7.280000000000000230e-04
3.155899999999999678e-02 -7.410000000000000137e-04
3.175899999999999557e-02 -7.529999999999999801e-04
3.195800000000000030e-02 -7.659999999999999708e-04
3.215799999999999909e-02 -7.799999999999999859e-04
3.235699999999999688e-02 -7.929999999999999766e-04
3.255600000000000160e-02 -8.069999999999999916e-04
3.275499999999999939e-02 -8.199999999999999824e-04
3.295400000000000412e-02 -8.329999999999999731e-04
3.315299999999999497e-02 -8.470000000000000966e-04
3.335199999999999970e-02 -8.599999999999999789e-04
3.355099999999999749e-02 -8.730000000000000780e-04
3.375000000000000222e-02 -8.869999999999998762e-04
3.394900000000000001e-02 -8.999999999999999754e-04
3.414800000000000474e-02 -9.130000000000000745e-04
3.434700000000000253e-02 -9.269999999999999811e-04
3.454600000000000032e-02 -9.400000000000000803e-04
3.474499999999999811e-02 -9.529999999999999626e-04
3.494400000000000284e-02 -9.669999999999999776e-04
3.514300000000000063e-02 -9.799999999999999684e-04
3.534199999999999842e-02 -9.929999999999999591e-04
3.554100000000000315e-02 -1.007000000000000083e-03
3.574000000000000093e-02 -1.019999999999999856e-03
3.593899999999999872e-02 -1.033000000000000064e-03
3.613799999999999651e-02 -1.046999999999999971e-03
3.633700000000000124e-02 -1.059999999999999961e-03
3.653599999999999903e-02 -1.072999999999999952e-03
3.673500000000000376e-02 -1.086999999999999859e-03
3.693399999999999461e-02 -1.100000000000000066e-03
3.713299999999999934e-02 -1.113000000000000057e-03
3.733199999999999713e-02 -1.126999999999999964e-03
3.753100000000000186e-02 -1.139999999999999954e-03
3.772999999999999965e-02 -1.152999999999999945e-03
3.792900000000000438e-02 -1.167000000000000069e-03
3.812799999999999523e-02 -1.180000000000000059e-03
3.832699999999999996e-02 -1.193000000000000050e-03
3.852599999999999775e-02 -1.206999999999999957e-03
3.872500000000000248e-02 -1.219999999999999947e-03
3.892400000000000027e-02 -1.232999999999999938e-03
3.912300000000000499e-02 -1.247000000000000062e-03
3.932200000000000278e-02 -1.260000000000000052e-03
3.952100000000000057e-02 -1.273000000000000043e-03
3.971999999999999836e-02 -1.286999999999999950e-03
3.991900000000000309e-02 -1.299999999999999940e-03
4.011800000000000088e-02 -1.313000000000000148e-03
4.031699999999999867e-02 -1.327000000000000055e-03
4.051600000000000340e-02 -1.340000000000000045e-03
4.071500000000000119e-02 -1.353000000000000036e-03
4.091399999999999898e-02 -1.366999999999999943e-03
4.111299999999999677e-02 -1.380000000000000150e-03
4.131200000000000150e-02 -1.392999999999999924e-03
4.151099999999999929e-02 -1.407000000000000048e-03
4.171000000000000402e-02 -1.419999999999999821e-03
4.190899999999999487e-02 -1.433000000000000029e-03
4.210799999999999960e-02 -1.447000000000000152e-03
4.230699999999999739e-02 -1.459999999999999926e-03
4.250600000000000211e-02 -1.473000000000000134e-03
4.270499999999999990e-02 -1.486999999999999824e-03
4.290400000000000463e-02 -1.500000000000000031e-03
4.310299999999999548e-02 -1.513000000000000022e-03
4.330200000000000021e-02 -1.526999999999999929e-03
4.349999999999999700e-02 -1.540000000000000136e-03
4.369900000000000173e-02 -1.552999999999999910e-03
4.389799999999999952e-02 -1.567000000000000033e-03
4.409700000000000425e-02 -1.580000000000000024e-03
4.429599999999999510e-02 -1.593000000000000015e-03
4.449499999999999983e-02 -1.606999999999999922e-03
4.469399999999999762e-02 -1.619999999999999912e-03
4.489300000000000235e-02 -1.632999999999999903e-03
4.509200000000000014e-02 -1.646999999999999810e-03
4.529100000000000487e-02 -1.660000000000000234e-03
4.548999999999999572e-02 -1.673000000000000008e-03
4.568900000000000045e-02 -1.687000000000000131e-03
4.588799999999999824e-02 -1.699999999999999905e-03
4.608700000000000296e-02 -1.712999999999999896e-03
4.628600000000000075e-02 -1.727000000000000019e-03
4.648500000000000548e-02 -1.739999999999999793e-03
4.668399999999999633e-02 -1.753000000000000218e-03
4.688300000000000106e-02 -1.767000000000000124e-03
4.708199999999999885e-02 -1.780000000000000115e-03
4.728100000000000358e-02 -1.792999999999999889e-03
4.748000000000000137e-02 -1.807000000000000012e-03
4.767899999999999916e-02 -1.820000000000000003e-03
4.787799999999999695e-02 -1.832999999999999777e-03
4.807699999999999474e-02 -1.846999999999999901e-03
4.827599999999999947e-02 -1.860000000000000108e-03
4.847499999999999726e-02 -1.873000000000000099e-03
4.867400000000000199e-02 -1.887000000000000005e-03
4.887299999999999978e-02 -1.899999999999999996e-03
4.907200000000000450e-02 -1.912999999999999987e-03
4.927099999999999536e-02 -1.926999999999999894e-03
4.947000000000000008e-02 -1.939999999999999884e-03
4.966899999999999787e-02 -1.953000000000000092e-03
4.986800000000000260e-02 -1.966999999999999998e-03
5.006700000000000039e-02 -1.979999999999999989e-03
5.026600000000000512e-02 -1.992999999999999980e-03
5.046499999999999597e-02 -2.007000000000000103e-03
5.066400000000000070e-02 -2.020000000000000094e-03
5.086299999999999849e-02 -2.032999999999999651e-03
5.106200000000000322e-02 -2.046999999999999775e-03
5.126100000000000101e-02 -2.060000000000000199e-03
5.146000000000000574e-02 -2.073000000000000190e-03
5.165900000000000353e-02 -2.087000000000000313e-03
5.185800000000000132e-02 -2.099999999999999870e-03
5.205700000000000605e-02 -2.112999999999999861e-03
5.225599999999999690e-02 -2.126999999999999984e-03
5.245499999999999469e-02 -2.139999999999999975e-03
5.265399999999999942e-02 -2.152999999999999966e-03
5.285299999999999720e-02 -2.167000000000000089e-03
5.305199999999999499e-02 -2.180000000000000080e-03
5.325099999999999972e-02 -2.193000000000000071e-03
5.344999999999999751e-02 -2.207000000000000194e-03
5.364900000000000224e-02 -2.219999999999999751e-03
5.384800000000000003e-02 -2.232999999999999742e-03
5.404700000000000476e-02 -2.246999999999999865e-03
5.424600000000000255e-02 -2.260000000000000290e-03
5.444500000000000728e-02 -2.272999999999999847e-03
5.464400000000000507e-02 -2.286999999999999970e-03
5.484299999999999592e-02 -2.299999999999999961e-03
5.504199999999999371e-02 -2.312999999999999952e-03
5.524099999999999844e-02 -2.327000000000000075e-03
5.543999999999999623e-02 -2.340000000000000066e-03
5.563900000000000096e-02 -2.353000000000000057e-03
5.583799999999999875e-02 -2.367000000000000180e-03
5.603700000000000347e-02 -2.380000000000000171e-03
5.623600000000000126e-02 -2.393000000000000162e-03
5.643499999999999905e-02 -2.406999999999999851e-03
5.663400000000000378e-02 -2.419999999999999842e-03
5.683300000000000157e-02 -2.432999999999999833e-03
5.703200000000000630e-02 -2.446999999999999956e-03
5.723099999999999715e-02 -2.459999999999999947e-03
5.742999999999999494e-02 -2.472999999999999938e-03
5.762899999999999967e-02 -2.487000000000000061e-03
5.782799999999999746e-02 -2.500000000000000052e-03
5.802699999999999525e-02 -2.513000000000000043e-03
5.822599999999999998e-02 -2.527000000000000166e-03
5.842499999999999777e-02 -2.539999999999999723e-03
5.862400000000000250e-02 -2.553000000000000148e-03
5.882300000000000029e-02 -2.567000000000000271e-03
5.902200000000000502e-02 -2.580000000000000262e-03
5.922100000000000281e-02 -2.592999999999999819e-03
5.942000000000000753e-02 -2.606999999999999942e-03
5.961900000000000532e-02 -2.619999999999999933e-03
5.981799999999999617e-02 -2.632999999999999924e-03
6.001699999999999396e-02 -2.647000000000000047e-03
6.021599999999999869e-02 -2.660000000000000038e-03
6.041499999999999648e-02 -2.673000000000000029e-03
6.061400000000000121e-02 -2.687000000000000152e-03
6.081299999999999900e-02 -2.700000000000000143e-03
6.101200000000000373e-02 -2.712999999999999700e-03
6.121100000000000152e-02 -2.726999999999999823e-03
6.140999999999999931e-02 -2.739999999999999814e-03
6.160900000000000404e-02 -2.753000000000000239e-03
6.180800000000000183e-02 -2.767000000000000362e-03
6.200700000000000656e-02 -2.779999999999999919e-03
6.220599999999999741e-02 -2.792999999999999910e-03
6.240499999999999520e-02 -2.807000000000000033e-03
6.260399999999999299e-02 -2.820000000000000024e-03
6.280299999999999772e-02 -2.833000000000000015e-03
6.300200000000000244e-02 -2.846999999999999705e-03
6.320099999999999330e-02 -2.860000000000000129e-03
6.339999999999999802e-02 -2.873000000000000120e-03
6.359900000000000275e-02 -2.887000000000000243e-03
6.379800000000000748e-02 -2.899999999999999800e-03
6.399699999999999833e-02 -2.912999999999999791e-03
6.419600000000000306e-02 -2.926999999999999914e-03
6.439500000000000779e-02 -2.939999999999999905e-03
6.459399999999999864e-02 -2.953000000000000329e-03
6.479299999999998949e-02 -2.967000000000000019e-03
6.499199999999999422e-02 -2.980000000000000010e-03
6.519099999999999895e-02 -2.993000000000000001e-03
6.539000000000000368e-02 -3.007000000000000124e-03
6.558899999999999453e-02 -3.020000000000000115e-03
6.578799999999999926e-02 -3.032999999999999672e-03
6.598600000000000299e-02 -3.046999999999999795e-03
6.618500000000000771e-02 -3.060000000000000220e-03
6.638399999999999856e-02 -3.073000000000000211e-03
6.658300000000000329e-02 -3.086999999999999900e-03
6.678200000000000802e-02 -3.099999999999999891e-03
6.698099999999999887e-02 -3.112999999999999882e-03
6.717999999999998972e-02 -3.127000000000000005e-03
6.737899999999999445e-02 -3.139999999999999996e-03
6.751400000000000456e-02 -3.286999999999999558e-03
6.764799999999999980e-02 -3.432999999999999854e-03
6.778300000000000991e-02 -3.579999999999999849e-03
6.791699999999999127e-02 -3.727000000000000278e-03
6.805100000000000038e-02 -3.872999999999999707e-03
6.818599999999999661e-02 -4.020000000000000136e-03
6.832000000000000572e-02 -4.167000000000000565e-03
6.845500000000000196e-02 -4.312999999999999994e-03
6.858899999999999719e-02 -4.460000000000000422e-03
6.872300000000000630e-02 -4.606999999999999984e-03
6.885800000000000254e-02 -4.753000000000000280e-03
6.899199999999999777e-02 -4.899999999999999842e-03
6.912599999999999301e-02 -5.047000000000000271e-03
6.926100000000000312e-02 -5.192999999999999700e-03
6.939499999999999835e-02 -5.340000000000000129e-03
6.952999999999999459e-02 -5.486999999999999690e-03
6.966400000000000370e-02 -5.632999999999999986e-03
6.979799999999999893e-02 -5.779999999999999548e-03
6.993300000000000904e-02 -5.926999999999999977e-03
