7.000000000000000666e-02 1.351899999999999977e-02
6.998899999999999566e-02 1.391700000000000055e-02
6.997100000000001929e-02 1.431499999999999960e-02
6.994500000000000717e-02 1.471300000000000038e-02
6.991200000000000192e-02 1.511000000000000017e-02
6.987100000000000255e-02 1.550600000000000069e-02
6.982399999999999718e-02 1.590199999999999947e-02
6.976799999999999669e-02 1.629600000000000146e-02
6.970499999999998919e-02 1.668999999999999997e-02
6.963500000000000245e-02 1.708199999999999996e-02
6.955800000000000871e-02 1.747299999999999548e-02
6.947399999999999409e-02 1.786199999999999941e-02
6.938199999999999923e-02 1.824999999999999886e-02
6.928299999999999736e-02 1.863599999999999979e-02
6.917600000000000138e-02 1.901999999999999871e-02
6.906299999999999939e-02 1.940100000000000158e-02
6.894199999999998940e-02 1.978099999999999997e-02
6.881500000000000117e-02 2.015899999999999984e-02
6.867999999999999106e-02 2.053400000000000017e-02
6.853800000000000170e-02 2.090600000000000097e-02
6.838999999999999246e-02 2.127599999999999977e-02
6.823400000000000298e-02 2.164200000000000151e-02
6.807200000000000750e-02 2.200600000000000125e-02
6.790299999999999114e-02 2.236700000000000146e-02
6.772699999999999554e-02 2.272499999999999867e-02
6.754500000000000781e-02 2.307899999999999882e-02
6.735599999999999921e-02 2.342999999999999944e-02
6.715999999999999748e-02 2.377699999999999952e-02
6.695800000000000363e-02 2.411999999999999908e-02
6.675000000000000377e-02 2.445999999999999910e-02
6.653499999999999692e-02 2.479500000000000107e-02
6.631399999999999795e-02 2.512700000000000003e-02
6.608700000000000685e-02 2.545400000000000093e-02
6.585399999999999587e-02 2.577700000000000130e-02
6.561499999999999277e-02 2.609600000000000114e-02
6.537000000000001143e-02 2.640999999999999945e-02
6.511900000000001021e-02 2.672000000000000069e-02
6.486300000000000399e-02 2.702500000000000041e-02
6.460100000000000564e-02 2.732499999999999860e-02
6.000800000000001272e-02 3.090400000000000091e-02
5.964400000000000257e-02 3.106400000000000133e-02
5.927500000000000130e-02 3.121200000000000016e-02
5.890200000000000297e-02 3.134699999999999986e-02
5.852399999999999963e-02 3.146999999999999797e-02
5.814199999999999924e-02 3.158099999999999796e-02
5.775700000000000278e-02 3.167799999999999783e-02
5.736900000000000333e-02 3.176299999999999957e-02
5.697799999999998699e-02 3.183500000000000218e-02
5.658500000000000335e-02 3.189399999999999874e-02
5.618999999999999689e-02 3.194100000000000411e-02
5.579400000000000331e-02 3.197300000000000142e-02
5.539700000000000180e-02 3.199300000000000060e-02
5.500000000000000028e-02 3.200000000000000067e-02
5.460199999999999776e-02 3.199400000000000160e-02
5.420500000000000318e-02 3.197400000000000242e-02
5.380800000000000166e-02 3.194100000000000411e-02
5.341300000000000214e-02 3.189499999999999974e-02
5.301899999999999669e-02 3.183600000000000319e-02
5.262800000000000117e-02 3.176400000000000057e-02
5.223900000000000071e-02 3.167899999999999883e-02
5.185399999999999732e-02 3.158099999999999796e-02
5.147199999999999692e-02 3.146999999999999797e-02
5.109299999999999953e-02 3.134699999999999986e-02
5.071900000000000019e-02 3.121099999999999916e-02
5.034999999999999892e-02 3.106300000000000033e-02
4.998600000000000265e-02 3.090299999999999991e-02
4.962699999999999750e-02 3.073100000000000137e-02
4.927399999999999836e-02 3.054700000000000124e-02
4.892799999999999927e-02 3.035099999999999951e-02
4.858799999999999925e-02 3.014400000000000066e-02
4.825499999999999928e-02 2.992600000000000121e-02
4.793000000000000038e-02 2.969700000000000117e-02
4.761200000000000154e-02 2.945700000000000054e-02
4.730299999999999783e-02 2.920700000000000032e-02
4.700200000000000211e-02 2.894700000000000745e-02
4.671000000000000152e-02 2.867700000000000110e-02
4.642700000000000299e-02 2.839699999999999863e-02
4.615299999999999958e-02 2.810800000000000104e-02
4.588699999999999724e-02 2.781300000000000092e-02
4.562700000000000089e-02 2.751299999999999926e-02
4.537100000000000161e-02 2.720900000000000055e-02
4.512100000000000138e-02 2.690100000000000130e-02
4.487700000000000022e-02 2.658800000000000052e-02
4.463700000000000306e-02 2.627099999999999921e-02
4.440399999999999903e-02 2.595000000000000084e-02
4.417499999999999899e-02 2.562499999999999847e-02
4.395299999999999901e-02 2.529599999999999904e-02
4.373599999999999710e-02 2.496400000000000008e-02
4.352500000000000119e-02 2.462699999999999959e-02
4.331999999999999740e-02 2.428699999999999956e-02
4.311999999999999861e-02 2.394400000000000001e-02
4.292699999999999988e-02 2.359699999999999992e-02
4.274000000000000021e-02 2.324700000000000030e-02
4.255799999999999861e-02 2.289400000000000115e-02
4.238299999999999707e-02 2.253700000000000148e-02
4.221400000000000152e-02 2.217799999999999980e-02
4.205099999999999810e-02 2.181599999999999859e-02
4.189500000000000168e-02 2.145100000000000132e-02
4.174499999999999739e-02 2.108300000000000105e-02
4.160099999999999909e-02 2.071299999999999877e-02
4.146299999999999986e-02 2.034000000000000044e-02
4.132600000000000162e-02 1.996500000000000011e-02
4.118999999999999745e-02 1.959100000000000077e-02
4.105400000000000021e-02 1.921600000000000044e-02
4.091700000000000198e-02 1.884100000000000011e-02
4.078099999999999781e-02 1.846599999999999978e-02
4.064399999999999957e-02 1.809099999999999944e-02
4.050800000000000234e-02 1.771599999999999911e-02
4.037099999999999717e-02 1.734199999999999978e-02
4.023499999999999993e-02 1.696699999999999944e-02
4.009800000000000170e-02 1.659199999999999911e-02
3.996199999999999752e-02 1.621699999999999531e-02
3.982600000000000029e-02 1.584199999999999844e-02
3.968900000000000206e-02 1.546699999999999638e-02
3.955299999999999788e-02 1.509199999999999951e-02
3.941599999999999965e-02 1.471800000000000018e-02
3.928000000000000241e-02 1.434299999999999985e-02
3.914299999999999724e-02 1.396799999999999951e-02
3.900700000000000001e-02 1.359300000000000265e-02
3.887000000000000177e-02 1.321800000000000058e-02
3.873399999999999760e-02 1.284300000000000025e-02
3.859800000000000036e-02 1.246899999999999918e-02
3.846100000000000213e-02 1.209400000000000058e-02
3.832200000000000190e-02 1.172199999999999978e-02
3.817299999999999860e-02 1.135599999999999977e-02
3.801299999999999818e-02 1.099400000000000030e-02
3.784099999999999964e-02 1.063799999999999989e-02
3.765899999999999803e-02 1.028699999999999927e-02
3.746599999999999930e-02 9.941000000000000184e-03
3.726299999999999751e-02 9.601999999999999424e-03
3.704999999999999960e-02 9.268999999999999462e-03
3.682599999999999763e-02 8.942000000000000295e-03
3.659300000000000053e-02 8.623000000000000456e-03
3.635000000000000037e-02 8.311000000000000679e-03
3.609800000000000508e-02 8.006000000000000963e-03
3.583700000000000080e-02 7.708999999999999707e-03
3.556600000000000039e-02 7.420000000000000380e-03
3.528699999999999892e-02 7.140000000000001380e-03
3.500000000000000333e-02 6.868000000000001708e-03
3.470099999999999574e-02 6.601999999999998495e-03
3.439500000000000196e-02 6.346000000000000078e-03
3.407999999999999918e-02 6.099000000000000254e-03
3.375800000000000328e-02 5.860999999999999890e-03
3.343000000000000138e-02 5.634000000000000119e-03
3.309399999999999842e-02 5.415999999999999807e-03
3.275299999999999739e-02 5.207999999999999956e-03
3.240599999999999731e-02 5.009000000000000431e-03
3.205299999999999816e-02 4.820999999999999765e-03
3.169599999999999501e-02 4.640999999999998425e-03
3.133500000000000174e-02 4.470000000000000015e-03
3.096900000000000000e-02 4.308000000000000197e-03
3.059999999999999873e-02 4.153999999999999707e-03
3.022800000000000140e-02 4.008000000000000278e-03
2.985300000000000106e-02 3.867999999999999911e-03
2.947599999999999873e-02 3.735000000000000039e-03
2.909700000000000134e-02 3.608000000000000096e-03
2.871699999999999947e-02 3.485999999999999949e-03
2.833400000000000155e-02 3.368999999999999165e-03
2.795100000000000015e-02 3.256000000000000213e-03
2.756600000000000716e-02 3.147000000000000058e-03
2.717999999999999930e-02 3.041999999999999999e-03
2.679399999999999837e-02 2.939999999999999905e-03
2.640599999999999892e-02 2.841000000000000209e-03
2.601799999999999946e-02 2.745000000000000044e-03
2.562899999999999900e-02 2.652999999999999976e-03
2.523900000000000102e-02 2.563000000000000174e-03
2.484899999999999956e-02 2.476000000000000770e-03
2.445800000000000057e-02 2.392000000000000029e-03
2.406700000000000159e-02 2.311000000000000120e-03
2.367500000000000160e-02 2.230999999999999910e-03
2.328300000000000161e-02 2.154999999999999798e-03
2.289000000000000062e-02 2.079999999999999818e-03
2.249699999999999964e-02 2.007000000000000103e-03
2.210300000000000112e-02 1.938000000000000052e-03
2.170899999999999913e-02 1.869999999999999917e-03
2.131500000000000061e-02 1.802999999999999915e-03
2.092000000000000109e-02 1.739000000000000094e-03
2.052500000000000158e-02 1.676999999999999671e-03
2.012999999999999859e-02 1.616999999999999948e-03
1.973400000000000154e-02 1.557000000000000007e-03
1.933899999999999855e-02 1.500000000000000031e-03
1.894300000000000150e-02 1.443999999999999971e-03
1.854700000000000099e-02 1.389999999999999960e-03
1.814999999999999947e-02 1.338000000000000430e-03
1.775399999999999548e-02 1.286000000000000034e-03
1.735700000000000090e-02 1.235999999999999903e-03
1.695999999999999938e-02 1.188000000000000037e-03
1.656299999999999786e-02 1.141000000000000087e-03
1.616599999999999981e-02 1.094999999999999836e-03
1.576899999999999830e-02 1.049999999999999935e-03
1.537099999999999925e-02 1.007000000000000083e-03
1.497399999999999946e-02 9.640000000000000131e-04
1.457599999999999694e-02 9.240000000000000166e-04
1.417799999999999963e-02 8.840000000000000201e-04
1.378000000000000058e-02 8.449999999999998311e-04
1.338199999999999980e-02 8.069999999999999916e-04
1.298400000000000075e-02 7.699999999999999597e-04
1.258600000000000343e-02 7.339999999999998435e-04
1.218799999999999918e-02 6.980000000000000527e-04
1.178900000000000087e-02 6.639999999999999852e-04
1.139100000000000008e-02 6.310000000000000504e-04
1.099200000000000003e-02 5.990000000000000316e-04
1.059399999999999925e-02 5.679999999999999286e-04
1.019500000000000094e-02 5.379999999999999583e-04
9.795999999999999153e-03 5.079999999999999880e-04
9.397000000000000838e-03 4.789999999999999879e-04
8.999000000000000055e-03 4.510000000000000120e-04
8.600000000000000006e-03 4.240000000000000062e-04
8.200999999999999956e-03 3.970000000000000005e-04
7.801999999999999907e-03 3.710000000000000190e-04
7.402999999999999858e-03 3.460000000000000076e-04
7.004000000000001544e-03 3.220000000000000206e-04
6.604999999999999760e-03 2.979999999999999793e-04
6.204999999999999578e-03 2.750000000000000166e-04
5.806000000000000397e-03 2.530000000000000239e-04
5.407000000000000348e-03 2.320000000000000014e-04
5.008000000000000299e-03 2.110000000000000059e-04
4.608000000000000117e-03 1.910000000000000077e-04
4.209000000000000068e-03 1.710000000000000094e-04
3.810000000000000019e-03 1.520000000000000084e-04
3.409999999999999837e-03 1.340000000000000045e-04
3.010999999999999788e-03 1.159999999999999736e-04
2.611000000000000040e-03 9.899999999999999404e-05
2.211999999999999991e-03 8.200000000000000095e-05
1.812000000000000026e-03 6.700000000000000226e-05
1.412999999999999977e-03 5.099999999999999960e-05
1.013000000000000012e-03 3.499999999999999693e-05
6.139999999999999625e-04 2.099999999999999884e-05
2.139999999999999975e-04 7.000000000000001589e-06
-1.849999999999999973e-04 -6.000000000000000152e-06
-5.850000000000000165e-04 -1.900000000000000105e-05
-9.849999999999999815e-04 -3.199999999999999855e-05
-1.384000000000000031e-03 -4.399999999999999886e-05
-1.783999999999999996e-03 -5.500000000000000196e-05
-2.184000000000000177e-03 -6.600000000000001861e-05
-2.582999999999999793e-03 -7.700000000000000139e-05
-2.982999999999999974e-03 -8.700000000000000051e-05
-3.383000000000000156e-03 -9.700000000000002674e-05
-3.782000000000000205e-03 -1.060000000000000016e-04
-4.181999999999999953e-03 -1.150000000000000035e-04
-4.582000000000000135e-03 -1.240000000000000054e-04
-4.982000000000000317e-03 -1.320000000000000101e-04
-5.381000000000000366e-03 -1.399999999999999877e-04
-5.781000000000001415e-03 -1.469999999999999953e-04
-6.180999999999999862e-03 -1.540000000000000028e-04
-6.581000000000000044e-03 -1.610000000000000103e-04
-6.980000000000000093e-03 -1.679999999999999907e-04
-7.379999999999998540e-03 -1.740000000000000010e-04
-7.779999999999998722e-03 -1.800000000000000113e-04
-8.179999999999998037e-03 -1.859999999999999945e-04
-8.579999999999999086e-03 -1.910000000000000077e-04
-8.978999999999999135e-03 -1.959999999999999937e-04
-9.379000000000000184e-03 -2.010000000000000068e-04
-9.778999999999999498e-03 -2.059999999999999928e-04
-1.017900000000000055e-02 -2.100000000000000087e-04
-1.057800000000000060e-02 -2.149999999999999947e-04
-1.097800000000000165e-02 -2.190000000000000106e-04
-1.137800000000000096e-02 -2.229999999999999994e-04
-1.177800000000000027e-02 -2.269999999999999882e-04
-1.217799999999999959e-02 -2.310000000000000042e-04
-1.257699999999999964e-02 -2.349999999999999930e-04
-1.297700000000000069e-02 -2.380000000000000117e-04
-1.337700000000000000e-02 -2.410000000000000033e-04
-1.377699999999999932e-02 -2.449999999999999921e-04
-1.417700000000000037e-02 -2.480000000000000108e-04
-1.457699999999999968e-02 -2.519999999999999996e-04
-1.497599999999999973e-02 -2.559999999999999884e-04
-1.537600000000000078e-02 -2.590000000000000071e-04
-1.577599999999999836e-02 -2.629999999999999959e-04
-1.617599999999999941e-02 -2.669999999999999847e-04
-1.657600000000000046e-02 -2.700000000000000035e-04
-1.697500000000000051e-02 -2.740000000000000465e-04
-1.737500000000000155e-02 -2.790000000000000054e-04
-1.777499999999999913e-02 -2.829999999999999942e-04
-1.817500000000000018e-02 -2.870000000000000372e-04
-1.857500000000000123e-02 -2.919999999999999961e-04
-1.897400000000000128e-02 -2.979999999999999793e-04
-1.937399999999999886e-02 -3.020000000000000223e-04
-1.977399999999999991e-02 -3.080000000000000055e-04
-2.017400000000000096e-02 -3.150000000000000131e-04
-2.057300000000000101e-02 -3.209999999999999963e-04
-2.097299999999999859e-02 -3.280000000000000038e-04
-2.137299999999999964e-02 -3.350000000000000113e-04
-2.177300000000000069e-02 -3.440000000000000132e-04
-2.217200000000000074e-02 -3.510000000000000208e-04
-2.257199999999999832e-02 -3.600000000000000227e-04
-2.297199999999999936e-02 -3.690000000000000246e-04
-2.337200000000000041e-02 -3.789999999999999966e-04
-2.377100000000000046e-02 -3.890000000000000228e-04
-2.417100000000000151e-02 -4.009999999999999893e-04
-2.457099999999999909e-02 -4.119999999999999856e-04
-2.496999999999999914e-02 -4.249999999999999763e-04
-2.537000000000000019e-02 -4.389999999999999914e-04
-2.576900000000000024e-02 -4.519999999999999821e-04
-2.616900000000000129e-02 -4.659999999999999971e-04
-2.656800000000000134e-02 -4.820000000000000066e-04
-2.696799999999999892e-02 -4.980000000000000702e-04
-2.736699999999999897e-02 -5.150000000000000498e-04
-2.776700000000000002e-02 -5.330000000000000536e-04
-2.816600000000000700e-02 -5.509999999999999490e-04
-2.856600000000000111e-02 -5.699999999999999772e-04
-2.896500000000000116e-02 -5.900000000000000296e-04
-2.936400000000000121e-02 -6.120000000000000223e-04
-2.976300000000000126e-02 -6.329999999999999906e-04
-3.016299999999999884e-02 -6.549999999999999833e-04
-3.056199999999999889e-02 -6.790000000000000245e-04
-3.096099999999999894e-02 -7.030000000000000658e-04
-3.135999999999999899e-02 -7.280000000000000230e-04
-3.175899999999999557e-02 -7.529999999999999801e-04
-3.215799999999999909e-02 -7.799999999999999859e-04
-3.255600000000000160e-02 -8.069999999999999916e-04
-3.295400000000000412e-02 -8.329999999999997563e-04
-3.335199999999999970e-02 -8.599999999999997620e-04
-3.375000000000000222e-02 -8.869999999999997678e-04
-3.414800000000000474e-02 -9.129999999999999661e-04
-3.454600000000000032e-02 -9.399999999999999719e-04
-3.494400000000000284e-02 -9.669999999999999776e-04
-3.534199999999999842e-02 -9.929999999999999591e-04
-3.574000000000000093e-02 -1.019999999999999856e-03
-3.613800000000000345e-02 -1.046999999999999971e-03
-3.653599999999999903e-02 -1.072999999999999952e-03
-3.693400000000000155e-02 -1.100000000000000066e-03
-3.733199999999999713e-02 -1.126999999999999964e-03
-3.772999999999999965e-02 -1.152999999999999945e-03
-3.812800000000000217e-02 -1.180000000000000059e-03
-3.852599999999999775e-02 -1.206999999999999957e-03
-3.892400000000000027e-02 -1.232999999999999938e-03
-3.932200000000000278e-02 -1.260000000000000052e-03
-3.971999999999999836e-02 -1.286999999999999950e-03
-4.011800000000000088e-02 -1.312999999999999931e-03
-4.051600000000000340e-02 -1.340000000000000045e-03
-4.091399999999999898e-02 -1.366999999999999943e-03
-4.131200000000000150e-02 -1.392999999999999924e-03
-4.170999999999999708e-02 -1.419999999999999605e-03
-4.210799999999999960e-02 -1.446999999999999936e-03
-4.250600000000000211e-02 -1.472999999999999917e-03
-4.290399999999999769e-02 -1.500000000000000031e-03
-4.330200000000000021e-02 -1.526999999999999929e-03
-4.369900000000000173e-02 -1.552999999999999910e-03
-4.409699999999999731e-02 -1.580000000000000024e-03
-4.449499999999999983e-02 -1.606999999999999922e-03
-4.489300000000000235e-02 -1.632999999999999903e-03
-4.529099999999999793e-02 -1.660000000000000451e-03
-4.568900000000000045e-02 -1.686999999999999915e-03
-4.608700000000000296e-02 -1.712999999999999679e-03
-4.648500000000001242e-02 -1.739999999999999577e-03
-4.688300000000000106e-02 -1.766999999999999908e-03
-4.728099999999999664e-02 -1.792999999999999672e-03
-4.767899999999999916e-02 -1.820000000000000003e-03
-4.807700000000000168e-02 -1.846999999999999901e-03
-4.847499999999999726e-02 -1.873000000000000099e-03
-4.887299999999999978e-02 -1.899999999999999996e-03
-4.927100000000000229e-02 -1.926999999999999894e-03
-4.966899999999999787e-02 -1.953000000000000092e-03
-5.006700000000000039e-02 -1.979999999999999989e-03
-5.046500000000000291e-02 -2.007000000000000103e-03
-5.086299999999999849e-02 -2.033000000000000085e-03
-5.126100000000000101e-02 -2.060000000000000199e-03
-5.165899999999999659e-02 -2.087000000000000313e-03
-5.205700000000001298e-02 -2.112999999999999861e-03
-5.245500000000000163e-02 -2.139999999999999975e-03
-5.285299999999999720e-02 -2.167000000000000089e-03
-5.325099999999999972e-02 -2.193000000000000071e-03
-5.364900000000000224e-02 -2.220000000000000185e-03
-5.404699999999999782e-02 -2.246999999999999865e-03
-5.444500000000001422e-02 -2.272999999999999847e-03
-5.484300000000000286e-02 -2.299999999999999961e-03
-5.524099999999999844e-02 -2.327000000000000075e-03
-5.563900000000000096e-02 -2.353000000000000057e-03
-5.603699999999999654e-02 -2.380000000000000171e-03
-5.643499999999999905e-02 -2.406999999999999851e-03
-5.683300000000000157e-02 -2.432999999999999833e-03
-5.723099999999999715e-02 -2.459999999999999947e-03
-5.762899999999999967e-02 -2.487000000000000061e-03
-5.802700000000000219e-02 -2.513000000000000043e-03
-5.842499999999999777e-02 -2.540000000000000157e-03
-5.882300000000000029e-02 -2.566999999999999837e-03
-5.922100000000000281e-02 -2.592999999999999819e-03
-5.961900000000001226e-02 -2.619999999999999933e-03
-6.001699999999998703e-02 -2.647000000000000047e-03
-6.041500000000000342e-02 -2.673000000000000029e-03
-6.081299999999999900e-02 -2.700000000000000143e-03
-6.121100000000000152e-02 -2.726999999999999823e-03
-6.160899999999999710e-02 -2.752999999999999805e-03
-6.200700000000001350e-02 -2.779999999999999919e-03
-6.240500000000000214e-02 -2.807000000000000033e-03
-6.280299999999999772e-02 -2.833000000000000015e-03
-6.320099999999999330e-02 -2.860000000000000129e-03
-6.359900000000000275e-02 -2.886999999999999809e-03
-6.399699999999999833e-02 -2.912999999999999791e-03
-6.439500000000000779e-02 -2.939999999999999905e-03
-6.479299999999998949e-02 -2.967000000000000019e-03
-6.519099999999999895e-02 -2.993000000000000001e-03
-6.558899999999999453e-02 -3.020000000000000115e-03
-6.598600000000000299e-02 -3.046999999999999795e-03
-6.638399999999999856e-02 -3.073000000000000211e-03
-6.678200000000000802e-02 -3.099999999999999891e-03
-6.717999999999998972e-02 -3.127000000000000005e-03
-6.751400000000000456e-02 -3.286999999999999124e-03
-6.778300000000000991e-02 -3.579999999999999849e-03
-6.805100000000000038e-02 -3.873000000000000140e-03
-6.832000000000000572e-02 -4.167000000000000565e-03
-6.858899999999999719e-02 -4.460000000000000422e-03
-6.885800000000000254e-02 -4.753000000000000280e-03
-6.912599999999999301e-02 -5.047000000000000271e-03
-6.939499999999999835e-02 -5.340000000000000129e-03
-6.966400000000000370e-02 -5.632999999999999986e-03
