-7.000000000000000666e-02 1.351899999999999977e-02
-6.998899999999999566e-02 1.391700000000000055e-02
-6.997100000000001929e-02 1.431499999999999960e-02
-6.994500000000000717e-02 1.471300000000000038e-02
-6.991200000000000192e-02 1.511000000000000017e-02
-6.987100000000000255e-02 1.550600000000000069e-02
-6.982399999999999718e-02 1.590199999999999947e-02
-6.976799999999999669e-02 1.629600000000000146e-02
-6.970499999999998919e-02 1.668999999999999997e-02
-6.963500000000000245e-02 1.708199999999999996e-02
-6.955800000000000871e-02 1.747299999999999548e-02
-6.947399999999999409e-02 1.786199999999999941e-02
-6.938199999999999923e-02 1.824999999999999886e-02
-6.928299999999999736e-02 1.863599999999999979e-02
-6.917600000000000138e-02 1.901999999999999871e-02
-6.906299999999999939e-02 1.940100000000000158e-02
-6.894199999999998940e-02 1.978099999999999997e-02
-6.881500000000000117e-02 2.015899999999999984e-02
-6.867999999999999106e-02 2.053400000000000017e-02
-6.853800000000000170e-02 2.090600000000000097e-02
-6.838999999999999246e-02 2.127599999999999977e-02
-6.823400000000000298e-02 2.164200000000000151e-02
-6.807200000000000750e-02 2.200600000000000125e-02
-6.790299999999999114e-02 2.236700000000000146e-02
-6.772699999999999554e-02 2.272499999999999867e-02
-6.754500000000000781e-02 2.307899999999999882e-02
-6.735599999999999921e-02 2.342999999999999944e-02
-6.715999999999999748e-02 2.377699999999999952e-02
-6.695800000000000363e-02 2.411999999999999908e-02
-6.675000000000000377e-02 2.445999999999999910e-02
-6.653499999999999692e-02 2.479500000000000107e-02
-6.631399999999999795e-02 2.512700000000000003e-02
-6.608700000000000685e-02 2.545400000000000093e-02
-6.585399999999999587e-02 2.577700000000000130e-02
-6.561499999999999277e-02 2.609600000000000114e-02
-6.537000000000001143e-02 2.640999999999999945e-02
-6.511900000000001021e-02 2.672000000000000069e-02
-6.486300000000000399e-02 2.702500000000000041e-02
-6.460100000000000564e-02 2.732499999999999860e-02
-6.433300000000000129e-02 2.761999999999999872e-02
-6.406000000000000583e-02 2.790899999999999978e-02
-6.378099999999999048e-02 2.819400000000000031e-02
-6.349699999999999789e-02 2.847399999999999931e-02
-5.982699999999999824e-02 3.098599999999999965e-02
-5.945999999999999897e-02 3.114000000000000101e-02
-5.908900000000000263e-02 3.128100000000000325e-02
-5.871300000000000130e-02 3.141000000000000042e-02
-5.833300000000000290e-02 3.152699999999999947e-02
-5.795000000000000151e-02 3.163099999999999939e-02
-5.756300000000000305e-02 3.172200000000000020e-02
-5.717400000000000260e-02 3.180099999999999594e-02
-5.678200000000001302e-02 3.186699999999999949e-02
-5.638800000000000062e-02 3.191900000000000293e-02
-5.599199999999998623e-02 3.195899999999999436e-02
-5.559600000000001346e-02 3.198499999999999954e-02
-5.519899999999999807e-02 3.199799999999999867e-02
-5.480100000000000249e-02 3.199799999999999867e-02
-5.440299999999999997e-02 3.198499999999999954e-02
-5.400599999999998457e-02 3.195899999999999436e-02
-5.360999999999999793e-02 3.191999999999999699e-02
-5.321599999999999941e-02 3.186699999999999949e-02
-5.282400000000000290e-02 3.180199999999999694e-02
-5.243300000000001432e-02 3.172300000000000120e-02
-5.204600000000000198e-02 3.163099999999999939e-02
-5.166199999999999959e-02 3.152699999999999947e-02
-5.128200000000001507e-02 3.141000000000000042e-02
-5.090599999999999986e-02 3.128100000000000325e-02
-5.053400000000000253e-02 3.113900000000000001e-02
-5.016700000000000326e-02 3.098499999999999865e-02
-4.980600000000000305e-02 3.081800000000000164e-02
-4.945000000000000090e-02 3.064000000000000057e-02
-4.909999999999999781e-02 3.045000000000000137e-02
-4.875700000000000173e-02 3.024900000000000158e-02
-4.842099999999999876e-02 3.003600000000000020e-02
-4.809100000000000180e-02 2.981299999999999922e-02
-4.776999999999999996e-02 2.957800000000000012e-02
-4.745599999999999818e-02 2.933300000000000143e-02
-4.715099999999999847e-02 2.907799999999999968e-02
-4.685500000000000081e-02 2.881299999999999834e-02
-4.656699999999999728e-02 2.853800000000000087e-02
-4.628899999999999681e-02 2.825400000000000134e-02
-4.601999999999999841e-02 2.796099999999999974e-02
-4.575599999999999806e-02 2.766400000000000109e-02
-4.549799999999999678e-02 2.736200000000000090e-02
-4.524600000000000150e-02 2.705499999999999919e-02
-4.499800000000000327e-02 2.674500000000000141e-02
-4.475599999999999717e-02 2.642999999999999863e-02
-4.451999999999999708e-02 2.611099999999999879e-02
-4.428900000000000198e-02 2.578799999999999842e-02
-4.406299999999999800e-02 2.546100000000000099e-02
-4.384400000000000103e-02 2.512999999999999956e-02
-4.363000000000000211e-02 2.479599999999999860e-02
-4.342200000000000226e-02 2.445800000000000057e-02
-4.321900000000000047e-02 2.411599999999999855e-02
-4.302299999999999874e-02 2.377100000000000046e-02
-4.283200000000000202e-02 2.342199999999999838e-02
-4.264799999999999841e-02 2.307100000000000123e-02
-4.247000000000000081e-02 2.271600000000000008e-02
-4.229800000000000226e-02 2.235799999999999940e-02
-4.213200000000000278e-02 2.199699999999999919e-02
-4.197200000000000236e-02 2.163400000000000045e-02
-4.181900000000000200e-02 2.126700000000000118e-02
-4.167200000000000071e-02 2.089900000000000091e-02
-4.153099999999999847e-02 2.052700000000000011e-02
-4.139500000000000124e-02 2.015300000000000077e-02
-4.125800000000000300e-02 1.977800000000000044e-02
-4.112200000000000577e-02 1.940300000000000011e-02
-4.098500000000000060e-02 1.902799999999999978e-02
-4.084900000000000336e-02 1.865299999999999944e-02
-4.071199999999999819e-02 1.827900000000000011e-02
-4.057600000000000096e-02 1.790399999999999978e-02
-4.043999999999999678e-02 1.752899999999999944e-02
-4.030299999999999855e-02 1.715399999999999911e-02
-4.016700000000000131e-02 1.677899999999999531e-02
-4.003000000000000308e-02 1.640399999999999844e-02
-3.989399999999999891e-02 1.603000000000000258e-02
-3.975700000000000067e-02 1.565500000000000225e-02
-3.962100000000000344e-02 1.528000000000000018e-02
-3.948399999999999826e-02 1.490499999999999985e-02
-3.934800000000000103e-02 1.452999999999999951e-02
-3.921199999999999686e-02 1.415500000000000265e-02
-3.907499999999999862e-02 1.378099999999999985e-02
-3.893900000000000139e-02 1.340599999999999951e-02
-3.880200000000000315e-02 1.303100000000000265e-02
-3.866600000000000592e-02 1.265600000000000058e-02
-3.852900000000000075e-02 1.228100000000000025e-02
-3.839299999999999657e-02 1.190699999999999918e-02
-3.824899999999999828e-02 1.153900000000000065e-02
-3.809400000000000286e-02 1.117499999999999917e-02
-3.792800000000000338e-02 1.081599999999999923e-02
-3.775099999999999983e-02 1.046200000000000081e-02
-3.756400000000000017e-02 1.011299999999999873e-02
-3.736600000000000338e-02 9.771000000000000171e-03
-3.715799999999999659e-02 9.435000000000000678e-03
-3.693899999999999961e-02 9.105000000000000246e-03
-3.671100000000000058e-02 8.781999999999999876e-03
-3.647299999999999848e-02 8.465999999999997833e-03
-3.622500000000000026e-02 8.156999999999997586e-03
-3.596799999999999997e-02 7.856000000000000136e-03
-3.570299999999999863e-02 7.562999999999998543e-03
-3.542799999999999422e-02 7.278999999999999880e-03
-3.514499999999999569e-02 7.003000000000001411e-03
-3.485200000000000103e-02 6.734000000000000402e-03
-3.454900000000000332e-02 6.472999999999999587e-03
-3.423799999999999760e-02 6.220999999999999967e-03
-3.391999999999999876e-02 5.978999999999999940e-03
-3.359499999999999986e-02 5.746000000000000239e-03
-3.326300000000000090e-02 5.522999999999998397e-03
-3.292400000000000188e-02 5.310999999999999749e-03
-3.257999999999999785e-02 5.107000000000000428e-03
-3.223000000000000170e-02 4.913999999999999965e-03
-3.187500000000000056e-02 4.729999999999999830e-03
-3.151600000000000235e-02 4.553999999999999888e-03
-3.115199999999999914e-02 4.388000000000000407e-03
-3.078500000000000680e-02 4.229999999999999385e-03
-3.041400000000000006e-02 4.080000000000000293e-03
-3.004100000000000173e-02 3.937000000000000395e-03
-2.966500000000000040e-02 3.801000000000000125e-03
-2.928700000000000053e-02 3.670999999999999784e-03
-2.890699999999999867e-02 3.546000000000000107e-03
-2.852599999999999927e-02 3.427000000000000792e-03
-2.814300000000000135e-02 3.311999999999999840e-03
-2.775800000000000142e-02 3.200999999999999852e-03
-2.737300000000000150e-02 3.093999999999999962e-03
-2.698700000000000057e-02 2.991000000000000169e-03
-2.659999999999999865e-02 2.890000000000000208e-03
-2.621199999999999919e-02 2.792999999999999910e-03
-2.582399999999999973e-02 2.699000000000000010e-03
-2.543399999999999828e-02 2.608000000000000075e-03
-2.504400000000000029e-02 2.518999999999999972e-03
-2.465399999999999883e-02 2.433999999999999966e-03
-2.426299999999999985e-02 2.350999999999999791e-03
-2.387099999999999986e-02 2.271000000000000015e-03
-2.347899999999999987e-02 2.193000000000000071e-03
-2.308599999999999888e-02 2.116999999999999958e-03
-2.269300000000000136e-02 2.043000000000000111e-03
-2.230000000000000038e-02 1.971999999999999795e-03
-2.190599999999999839e-02 1.904000000000000093e-03
-2.151199999999999987e-02 1.835999999999999958e-03
-2.111700000000000035e-02 1.771000000000000005e-03
-2.072299999999999837e-02 1.707999999999999666e-03
-2.032700000000000132e-02 1.645999999999999894e-03
-1.993199999999999833e-02 1.586999999999999652e-03
-1.953699999999999881e-02 1.527999999999999628e-03
-1.914099999999999829e-02 1.472000000000000001e-03
-1.874500000000000124e-02 1.417000000000000074e-03
-1.834799999999999973e-02 1.363999999999999978e-03
-1.795200000000000268e-02 1.312000000000000015e-03
-1.755500000000000116e-02 1.260999999999999968e-03
-1.715900000000000064e-02 1.211999999999999970e-03
-1.676199999999999912e-02 1.165000000000000020e-03
-1.636500000000000107e-02 1.118000000000000070e-03
-1.596699999999999856e-02 1.072000000000000036e-03
-1.556999999999999704e-02 1.028999999999999967e-03
-1.517199999999999972e-02 9.849999999999999815e-04
-1.477499999999999994e-02 9.439999999999999607e-04
-1.437699999999999916e-02 9.039999999999999642e-04
-1.397899999999999664e-02 8.639999999999999677e-04
-1.358099999999999932e-02 8.260000000000000198e-04
-1.318300000000000374e-02 7.879999999999998551e-04
-1.278499999999999949e-02 7.509999999999998231e-04
-1.238700000000000044e-02 7.160000000000000565e-04
-1.198800000000000039e-02 6.809999999999999647e-04
-1.158999999999999961e-02 6.470000000000000057e-04
-1.119099999999999956e-02 6.149999999999999868e-04
-1.079300000000000051e-02 5.839999999999999922e-04
-1.039400000000000046e-02 5.529999999999999976e-04
-9.995999999999999677e-03 5.230000000000000274e-04
-9.596999999999999628e-03 4.929999999999999487e-04
-9.197999999999999579e-03 4.650000000000000270e-04
-8.798999999999997795e-03 4.369999999999999970e-04
-8.399999999999997746e-03 4.099999999999999912e-04
-8.001000000000001167e-03 3.840000000000000097e-04
-7.601999999999998515e-03 3.579999999999999741e-04
-7.203000000000000201e-03 3.339999999999999870e-04
-6.804000000000001887e-03 3.099999999999999999e-04
-6.405000000000000103e-03 2.870000000000000372e-04
-6.006000000000000054e-03 2.640000000000000202e-04
-5.607000000000000005e-03 2.429999999999999977e-04
-5.206999999999999823e-03 2.220000000000000022e-04
-4.807999999999999774e-03 2.010000000000000068e-04
-4.409000000000000592e-03 1.800000000000000113e-04
-4.009000000000000410e-03 1.610000000000000103e-04
-3.609999999999999928e-03 1.430000000000000064e-04
-3.210999999999999879e-03 1.250000000000000026e-04
-2.811000000000000131e-03 1.080000000000000231e-04
-2.412000000000000081e-03 9.000000000000000567e-05
-2.011999999999999900e-03 7.399999999999998268e-05
-1.612999999999999634e-03 5.799999999999998679e-05
-1.213000000000000102e-03 4.300000000000000165e-05
-8.140000000000000534e-04 2.799999999999999958e-05
-4.139999999999999800e-04 1.399999999999999979e-05
-1.399999999999999979e-05 0.000000000000000000e+00
3.849999999999999798e-04 -1.200000000000000030e-05
7.849999999999999990e-04 -2.500000000000000120e-05
1.183999999999999940e-03 -3.800000000000000209e-05
1.583999999999999905e-03 -4.899999999999999842e-05
1.984000000000000086e-03 -6.099999999999999872e-05
2.383000000000000135e-03 -7.200000000000000182e-05
2.782999999999999884e-03 -8.200000000000000095e-05
3.183000000000000065e-03 -9.200000000000000007e-05
3.582999999999999814e-03 -1.020000000000000263e-04
3.982000000000000296e-03 -1.110000000000000011e-04
4.381999999999999611e-03 -1.190000000000000058e-04
4.781999999999999792e-03 -1.279999999999999942e-04
5.180999999999999842e-03 -1.359999999999999989e-04
5.581000000000000023e-03 -1.440000000000000036e-04
5.981000000000000205e-03 -1.510000000000000112e-04
6.381000000000000387e-03 -1.579999999999999916e-04
6.781000000000001436e-03 -1.649999999999999991e-04
7.179999999999999750e-03 -1.710000000000000094e-04
7.579999999999999932e-03 -1.769999999999999926e-04
7.979999999999999247e-03 -1.830000000000000029e-04
8.380000000000000296e-03 -1.879999999999999890e-04
8.779000000000000345e-03 -1.930000000000000021e-04
9.178999999999999659e-03 -1.990000000000000124e-04
9.579000000000000709e-03 -2.039999999999999984e-04
9.979000000000000023e-03 -2.079999999999999872e-04
1.037899999999999934e-02 -2.130000000000000003e-04
1.077799999999999939e-02 -2.169999999999999891e-04
1.117800000000000044e-02 -2.210000000000000050e-04
1.157799999999999975e-02 -2.249999999999999938e-04
1.197800000000000080e-02 -2.290000000000000098e-04
1.237800000000000011e-02 -2.329999999999999986e-04
1.277700000000000016e-02 -2.359999999999999902e-04
1.317699999999999948e-02 -2.390000000000000089e-04
1.357700000000000053e-02 -2.429999999999999977e-04
1.397699999999999984e-02 -2.470000000000000407e-04
1.437699999999999916e-02 -2.500000000000000052e-04
1.477599999999999920e-02 -2.539999999999999940e-04
1.517599999999999678e-02 -2.569999999999999585e-04
1.557599999999999957e-02 -2.610000000000000015e-04
1.597600000000000062e-02 -2.649999999999999903e-04
1.637599999999999820e-02 -2.680000000000000090e-04
1.677500000000000172e-02 -2.709999999999999735e-04
1.717499999999999930e-02 -2.759999999999999867e-04
1.757500000000000034e-02 -2.809999999999999998e-04
1.797500000000000139e-02 -2.849999999999999886e-04
1.837499999999999897e-02 -2.890000000000000316e-04
1.877399999999999902e-02 -2.950000000000000148e-04
1.917400000000000007e-02 -2.999999999999999737e-04
1.957400000000000112e-02 -3.049999999999999868e-04
1.997399999999999870e-02 -3.119999999999999944e-04
2.037399999999999975e-02 -3.180000000000000318e-04
2.077299999999999980e-02 -3.240000000000000150e-04
2.117300000000000085e-02 -3.310000000000000225e-04
2.157299999999999843e-02 -3.400000000000000244e-04
2.197299999999999948e-02 -3.470000000000000319e-04
2.237199999999999953e-02 -3.549999999999999553e-04
2.277200000000000057e-02 -3.640000000000000115e-04
2.317200000000000162e-02 -3.739999999999999835e-04
2.357100000000000167e-02 -3.840000000000000097e-04
2.397099999999999925e-02 -3.950000000000000061e-04
2.437100000000000030e-02 -4.060000000000000024e-04
2.477000000000000035e-02 -4.180000000000000230e-04
2.517000000000000140e-02 -4.319999999999999838e-04
2.556999999999999898e-02 -4.449999999999999746e-04
2.596899999999999903e-02 -4.589999999999999896e-04
2.636900000000000008e-02 -4.739999999999999747e-04
2.676800000000000013e-02 -4.899999999999999842e-04
2.716800000000000118e-02 -5.059999999999999394e-04
2.756700000000000123e-02 -5.240000000000000517e-04
2.796699999999999880e-02 -5.410000000000000312e-04
2.836599999999999885e-02 -5.599999999999999509e-04
2.876499999999999890e-02 -5.800000000000000034e-04
2.916499999999999995e-02 -6.009999999999999717e-04
2.956400000000000000e-02 -6.220000000000000485e-04
2.996300000000000005e-02 -6.440000000000000412e-04
3.036200000000000010e-02 -6.669999999999999497e-04
3.076100000000000015e-02 -6.900000000000000751e-04
3.116000000000000714e-02 -7.150000000000000322e-04
3.155899999999999678e-02 -7.410000000000000137e-04
3.195800000000000030e-02 -7.659999999999997540e-04
3.235699999999999688e-02 -7.929999999999997598e-04
3.275499999999999939e-02 -8.199999999999999824e-04
3.315299999999999497e-02 -8.470000000000002050e-04
3.355099999999999749e-02 -8.729999999999999696e-04
3.394900000000000001e-02 -8.999999999999997585e-04
3.434700000000000253e-02 -9.269999999999999811e-04
3.474499999999999811e-02 -9.529999999999999626e-04
3.514300000000000063e-02 -9.799999999999999684e-04
3.554100000000000315e-02 -1.007000000000000083e-03
3.593899999999999872e-02 -1.033000000000000064e-03
3.633700000000000124e-02 -1.059999999999999961e-03
3.673499999999999682e-02 -1.086999999999999859e-03
3.713299999999999934e-02 -1.113000000000000057e-03
3.753100000000000186e-02 -1.139999999999999954e-03
3.792899999999999744e-02 -1.167000000000000069e-03
3.832699999999999996e-02 -1.193000000000000050e-03
3.872500000000000248e-02 -1.219999999999999947e-03
3.912299999999999806e-02 -1.247000000000000062e-03
3.952100000000000057e-02 -1.273000000000000043e-03
3.991900000000000309e-02 -1.299999999999999940e-03
4.031699999999999867e-02 -1.327000000000000055e-03
4.071500000000000119e-02 -1.353000000000000036e-03
4.111299999999999677e-02 -1.379999999999999933e-03
4.151099999999999929e-02 -1.407000000000000048e-03
4.190900000000000181e-02 -1.433000000000000029e-03
4.230699999999999739e-02 -1.459999999999999926e-03
4.270499999999999990e-02 -1.486999999999999607e-03
4.310300000000000242e-02 -1.513000000000000022e-03
4.349999999999999700e-02 -1.539999999999999919e-03
4.389799999999999952e-02 -1.567000000000000033e-03
4.429600000000000204e-02 -1.593000000000000015e-03
4.469399999999999762e-02 -1.619999999999999912e-03
4.509200000000000014e-02 -1.646999999999999593e-03
4.549000000000000266e-02 -1.673000000000000008e-03
4.588799999999999824e-02 -1.699999999999999905e-03
4.628600000000000075e-02 -1.727000000000000019e-03
4.668400000000000327e-02 -1.753000000000000435e-03
4.708199999999999885e-02 -1.779999999999999898e-03
4.748000000000000137e-02 -1.807000000000000012e-03
4.787799999999999695e-02 -1.832999999999999994e-03
4.827599999999999947e-02 -1.860000000000000108e-03
4.867400000000000199e-02 -1.887000000000000005e-03
4.907199999999999757e-02 -1.912999999999999987e-03
4.947000000000000008e-02 -1.940000000000000101e-03
4.986800000000000260e-02 -1.966999999999999998e-03
5.026600000000001206e-02 -1.992999999999999980e-03
5.066400000000000070e-02 -2.020000000000000094e-03
5.106200000000000322e-02 -2.047000000000000208e-03
5.146000000000001268e-02 -2.073000000000000190e-03
5.185800000000000132e-02 -2.099999999999999870e-03
5.225599999999999690e-02 -2.126999999999999984e-03
5.265399999999999942e-02 -2.152999999999999966e-03
5.305200000000000193e-02 -2.180000000000000080e-03
5.344999999999999751e-02 -2.207000000000000194e-03
5.384800000000000003e-02 -2.233000000000000176e-03
5.424600000000000255e-02 -2.259999999999999856e-03
5.464400000000001201e-02 -2.286999999999999970e-03
5.504199999999998677e-02 -2.312999999999999952e-03
5.544000000000000317e-02 -2.340000000000000066e-03
5.583799999999999875e-02 -2.367000000000000180e-03
5.623600000000000126e-02 -2.393000000000000162e-03
5.663399999999999684e-02 -2.419999999999999842e-03
5.703200000000001324e-02 -2.446999999999999956e-03
5.743000000000000188e-02 -2.472999999999999938e-03
5.782799999999999746e-02 -2.500000000000000052e-03
5.822599999999999998e-02 -2.527000000000000166e-03
5.862400000000000250e-02 -2.553000000000000148e-03
5.902200000000001195e-02 -2.579999999999999828e-03
5.942000000000001447e-02 -2.606999999999999942e-03
5.981800000000000311e-02 -2.632999999999999924e-03
6.021599999999999869e-02 -2.660000000000000038e-03
6.061400000000000121e-02 -2.687000000000000152e-03
6.101199999999999679e-02 -2.713000000000000134e-03
6.140999999999999931e-02 -2.739999999999999814e-03
6.180800000000000183e-02 -2.767000000000000796e-03
6.220599999999999741e-02 -2.792999999999999910e-03
6.260399999999999299e-02 -2.820000000000000024e-03
6.300200000000000244e-02 -2.847000000000000138e-03
6.339999999999999802e-02 -2.873000000000000120e-03
6.379800000000000748e-02 -2.899999999999999800e-03
6.419600000000000306e-02 -2.926999999999999914e-03
6.459399999999999864e-02 -2.953000000000000763e-03
6.499199999999999422e-02 -2.980000000000000010e-03
6.539000000000000368e-02 -3.007000000000000124e-03
6.578799999999999926e-02 -3.033000000000000106e-03
6.618500000000000771e-02 -3.059999999999999786e-03
6.658300000000000329e-02 -3.086999999999999900e-03
6.698099999999999887e-02 -3.112999999999999882e-03
6.737899999999999445e-02 -3.139999999999999996e-03
6.764799999999999980e-02 -3.432999999999999854e-03
6.791699999999999127e-02 -3.726999999999999844e-03
6.818599999999999661e-02 -4.020000000000000136e-03
6.845500000000000196e-02 -4.312999999999999994e-03
6.872300000000000630e-02 -4.606999999999999984e-03
6.899199999999999777e-02 -4.899999999999999842e-03
6.926100000000000312e-02 -5.192999999999999700e-03
6.952999999999999459e-02 -5.486999999999999690e-03
6.979799999999999893e-02 -5.780000000000000415e-03
