7.000000000000000666e-02 1.351899999999999977e-02
6.991200000000000192e-02 1.511000000000000017e-02
6.970499999999998919e-02 1.668999999999999997e-02
6.938199999999999923e-02 1.824999999999999886e-02
6.894199999999998940e-02 1.978099999999999997e-02
6.838999999999999246e-02 2.127599999999999977e-02
6.772699999999999554e-02 2.272499999999999867e-02
6.695800000000000363e-02 2.411999999999999908e-02
6.608700000000000685e-02 2.545400000000000093e-02
6.511900000000001021e-02 2.672000000000000069e-02
5.964400000000000257e-02 3.106400000000000133e-02
5.814199999999999924e-02 3.158099999999999796e-02
5.658500000000000335e-02 3.189399999999999874e-02
5.500000000000000028e-02 3.200000000000000067e-02
5.341300000000000214e-02 3.189499999999999974e-02
5.185399999999999732e-02 3.158099999999999796e-02
5.034999999999999892e-02 3.106300000000000033e-02
4.892799999999999927e-02 3.035099999999999951e-02
4.761200000000000154e-02 2.945700000000000054e-02
4.642700000000000299e-02 2.839699999999999863e-02
4.537100000000000161e-02 2.720900000000000055e-02
4.440399999999999903e-02 2.595000000000000084e-02
4.352500000000000119e-02 2.462699999999999959e-02
4.274000000000000021e-02 2.324700000000000030e-02
4.205099999999999810e-02 2.181599999999999859e-02
4.146299999999999986e-02 2.034000000000000044e-02
4.091700000000000198e-02 1.884100000000000011e-02
4.037099999999999717e-02 1.734199999999999978e-02
3.982600000000000029e-02 1.584199999999999844e-02
3.928000000000000241e-02 1.434299999999999985e-02
3.873399999999999760e-02 1.284300000000000025e-02
3.817299999999999860e-02 1.135599999999999977e-02
3.746599999999999930e-02 9.941000000000000184e-03
3.659300000000000053e-02 8.623000000000000456e-03
3.556600000000000039e-02 7.420000000000000380e-03
3.439500000000000196e-02 6.346000000000000078e-03
3.309399999999999842e-02 5.415999999999999807e-03
3.169599999999999501e-02 4.640999999999998425e-03
3.022800000000000140e-02 4.008000000000000278e-03
2.871699999999999947e-02 3.485999999999999949e-03
2.717999999999999930e-02 3.041999999999999999e-03
2.562899999999999900e-02 2.652999999999999976e-03
2.406700000000000159e-02 2.311000000000000120e-03
2.249699999999999964e-02 2.007000000000000103e-03
2.092000000000000109e-02 1.739000000000000094e-03
1.933899999999999855e-02 1.500000000000000031e-03
1.775399999999999548e-02 1.286000000000000034e-03
1.616599999999999981e-02 1.094999999999999836e-03
1.457599999999999694e-02 9.240000000000000166e-04
1.298400000000000075e-02 7.699999999999998512e-04
1.139100000000000008e-02 6.310000000000000504e-04
9.795999999999999153e-03 5.079999999999999880e-04
8.200999999999999956e-03 3.970000000000000005e-04
6.604999999999999760e-03 2.979999999999999793e-04
5.008000000000000299e-03 2.110000000000000059e-04
3.409999999999999837e-03 1.340000000000000045e-04
1.812000000000000026e-03 6.700000000000000226e-05
2.139999999999999975e-04 7.000000000000001589e-06
-1.384000000000000031e-03 -4.399999999999999886e-05
-2.982999999999999974e-03 -8.700000000000000051e-05
-4.582000000000000135e-03 -1.240000000000000054e-04
-6.180999999999999862e-03 -1.540000000000000028e-04
-7.779999999999998722e-03 -1.800000000000000113e-04
-9.379000000000000184e-03 -2.010000000000000068e-04
-1.097800000000000165e-02 -2.190000000000000106e-04
-1.257699999999999964e-02 -2.349999999999999930e-04
-1.417700000000000037e-02 -2.480000000000000108e-04
-1.577599999999999836e-02 -2.629999999999999959e-04
-1.737500000000000155e-02 -2.790000000000000054e-04
-1.897400000000000128e-02 -2.979999999999999793e-04
-2.057300000000000101e-02 -3.209999999999999963e-04
-2.217200000000000074e-02 -3.510000000000000208e-04
-2.377100000000000046e-02 -3.890000000000000228e-04
-2.537000000000000019e-02 -4.389999999999999914e-04
-2.696799999999999892e-02 -4.980000000000000702e-04
-2.856600000000000111e-02 -5.699999999999999772e-04
-3.016299999999999884e-02 -6.549999999999999833e-04
-3.175899999999999557e-02 -7.529999999999999801e-04
-3.335199999999999970e-02 -8.599999999999997620e-04
-3.494400000000000284e-02 -9.669999999999999776e-04
-3.653599999999999903e-02 -1.072999999999999952e-03
-3.812800000000000217e-02 -1.180000000000000059e-03
-3.971999999999999836e-02 -1.286999999999999950e-03
-4.131200000000000150e-02 -1.392999999999999924e-03
-4.290399999999999769e-02 -1.500000000000000031e-03
-4.449499999999999983e-02 -1.606999999999999922e-03
-4.608700000000000296e-02 -1.712999999999999679e-03
-4.767899999999999916e-02 -1.820000000000000003e-03
-4.927100000000000229e-02 -1.926999999999999894e-03
-5.086299999999999849e-02 -2.033000000000000085e-03
-5.245500000000000163e-02 -2.139999999999999975e-03
-5.404699999999999782e-02 -2.246999999999999865e-03
-5.563900000000000096e-02 -2.353000000000000057e-03
-5.723099999999999715e-02 -2.459999999999999947e-03
-5.882300000000000029e-02 -2.566999999999999837e-03
-6.041500000000000342e-02 -2.673000000000000029e-03
-6.200700000000001350e-02 -2.779999999999999919e-03
-6.359900000000000275e-02 -2.886999999999999809e-03
-6.519099999999999895e-02 -2.993000000000000001e-03
-6.678200000000000802e-02 -3.099999999999999891e-03
-6.805100000000000038e-02 -3.873000000000000140e-03
