-7.000000000000000666e-02 1.351899999999999977e-02
-6.991200000000000192e-02 1.511000000000000017e-02
-6.970499999999998919e-02 1.668999999999999997e-02
-6.938199999999999923e-02 1.824999999999999886e-02
-6.894199999999998940e-02 1.978099999999999997e-02
-6.838999999999999246e-02 2.127599999999999977e-02
-6.772699999999999554e-02 2.272499999999999867e-02
-6.695800000000000363e-02 2.411999999999999908e-02
-6.608700000000000685e-02 2.545400000000000093e-02
-6.511900000000001021e-02 2.672000000000000069e-02
-6.406000000000000583e-02 2.790899999999999978e-02
-5.945999999999999897e-02 3.114000000000000101e-02
-5.795000000000000151e-02 3.163099999999999939e-02
-5.638800000000000062e-02 3.191900000000000293e-02
-5.480100000000000249e-02 3.199799999999999867e-02
-5.321599999999999941e-02 3.186699999999999949e-02
-5.166199999999999959e-02 3.152699999999999947e-02
-5.016700000000000326e-02 3.098499999999999865e-02
-4.875700000000000173e-02 3.024900000000000158e-02
-4.745599999999999818e-02 2.933300000000000143e-02
-4.628899999999999681e-02 2.825400000000000134e-02
-4.524600000000000150e-02 2.705499999999999919e-02
-4.428900000000000198e-02 2.578799999999999842e-02
-4.342200000000000226e-02 2.445800000000000057e-02
-4.264799999999999841e-02 2.307100000000000123e-02
-4.197200000000000236e-02 2.163400000000000045e-02
-4.139500000000000124e-02 2.015300000000000077e-02
-4.084900000000000336e-02 1.865299999999999944e-02
-4.030299999999999855e-02 1.715399999999999911e-02
-3.975700000000000067e-02 1.565500000000000225e-02
-3.921199999999999686e-02 1.415500000000000265e-02
-3.866600000000000592e-02 1.265600000000000058e-02
-3.809400000000000286e-02 1.117499999999999917e-02
-3.736600000000000338e-02 9.771000000000000171e-03
-3.647299999999999848e-02 8.465999999999996098e-03
-3.542799999999999422e-02 7.278999999999999880e-03
-3.423799999999999760e-02 6.220999999999999967e-03
-3.292400000000000188e-02 5.310999999999999749e-03
-3.151600000000000235e-02 4.553999999999999888e-03
-3.004100000000000173e-02 3.937000000000000395e-03
-2.852599999999999927e-02 3.427000000000000792e-03
-2.698700000000000057e-02 2.991000000000000169e-03
-2.543399999999999828e-02 2.608000000000000075e-03
-2.387099999999999986e-02 2.271000000000000015e-03
-2.230000000000000038e-02 1.971999999999999795e-03
-2.072299999999999837e-02 1.707999999999999666e-03
-1.914099999999999829e-02 1.472000000000000001e-03
-1.755500000000000116e-02 1.260999999999999968e-03
-1.596699999999999856e-02 1.072000000000000036e-03
-1.437699999999999916e-02 9.039999999999999642e-04
-1.278499999999999949e-02 7.509999999999998231e-04
-1.119099999999999956e-02 6.149999999999999868e-04
-9.596999999999999628e-03 4.929999999999999487e-04
-8.001000000000001167e-03 3.840000000000000097e-04
-6.405000000000000103e-03 2.870000000000000372e-04
-4.807999999999999774e-03 2.010000000000000068e-04
-3.210999999999999879e-03 1.250000000000000026e-04
-1.612999999999999634e-03 5.799999999999998679e-05
-1.399999999999999979e-05 0.000000000000000000e+00
1.583999999999999905e-03 -4.899999999999999842e-05
3.183000000000000065e-03 -9.200000000000000007e-05
4.781999999999999792e-03 -1.279999999999999942e-04
6.381000000000000387e-03 -1.579999999999999916e-04
7.979999999999999247e-03 -1.830000000000000029e-04
9.579000000000000709e-03 -2.039999999999999984e-04
1.117800000000000044e-02 -2.210000000000000050e-04
1.277700000000000016e-02 -2.359999999999999902e-04
1.437699999999999916e-02 -2.500000000000000052e-04
1.597600000000000062e-02 -2.649999999999999903e-04
1.757500000000000034e-02 -2.809999999999999998e-04
1.917400000000000007e-02 -2.999999999999999737e-04
2.077299999999999980e-02 -3.240000000000000150e-04
2.237199999999999953e-02 -3.549999999999999553e-04
2.397099999999999925e-02 -3.950000000000000061e-04
2.556999999999999898e-02 -4.449999999999999746e-04
2.716800000000000118e-02 -5.059999999999999394e-04
2.876499999999999890e-02 -5.800000000000000034e-04
3.036200000000000010e-02 -6.669999999999999497e-04
3.195800000000000030e-02 -7.659999999999997540e-04
3.355099999999999749e-02 -8.729999999999997528e-04
3.514300000000000063e-02 -9.799999999999999684e-04
3.673499999999999682e-02 -1.086999999999999859e-03
3.832699999999999996e-02 -1.193000000000000050e-03
3.991900000000000309e-02 -1.299999999999999940e-03
4.151099999999999929e-02 -1.407000000000000048e-03
4.310300000000000242e-02 -1.513000000000000022e-03
4.469399999999999762e-02 -1.619999999999999912e-03
4.628600000000000075e-02 -1.727000000000000019e-03
4.787799999999999695e-02 -1.832999999999999994e-03
4.947000000000000008e-02 -1.940000000000000101e-03
5.106200000000000322e-02 -2.047000000000000208e-03
5.265399999999999942e-02 -2.152999999999999966e-03
5.424600000000000255e-02 -2.259999999999999856e-03
5.583799999999999875e-02 -2.367000000000000180e-03
5.743000000000000188e-02 -2.472999999999999938e-03
5.902200000000001195e-02 -2.579999999999999828e-03
6.061400000000000121e-02 -2.687000000000000152e-03
6.220599999999999741e-02 -2.792999999999999910e-03
6.379800000000000748e-02 -2.899999999999999800e-03
6.539000000000000368e-02 -3.007000000000000124e-03
6.698099999999999887e-02 -3.112999999999999882e-03
6.818599999999999661e-02 -4.020000000000000136e-03
